     0/149     1.98G    0.1087   0.03645   0.02713    0.1722       106       320  0.001135   0.02793 0.0003441 5.698e-05    0.1006   0.03084   0.02316
     1/149     3.12G    0.1041   0.03723   0.01999    0.1613       124       320  0.001197   0.02945 0.0002023 3.226e-05    0.1004    0.0303   0.02407
     2/149     3.14G   0.09852   0.03965   0.01879     0.157       146       320  0.001552   0.02716 0.0001949 3.814e-05    0.1001   0.02843   0.02312
     3/149     3.14G   0.09461   0.04016   0.02007    0.1548       146       320    0.3342   0.02183 9.413e-05 1.691e-05    0.1057   0.02471   0.02267
     4/149     3.14G   0.08954   0.03799   0.01974    0.1473       137       320    0.3344   0.02336 0.0001092 1.691e-05    0.1101   0.02606   0.02263
     5/149     3.14G   0.08132   0.04012   0.01874    0.1402       145       320    0.6709  0.005585 0.0009191 0.0003313    0.1022    0.0343   0.02271
     6/149     3.14G   0.07372   0.03694    0.0187    0.1294       171       320    0.7196   0.02031  0.006448  0.001663    0.0958   0.03704   0.02162
     7/149     3.14G   0.06982   0.03403   0.01735    0.1212       130       320    0.0603   0.07402   0.02835  0.007888    0.1009   0.03014   0.02449
     8/149     3.14G   0.06643   0.03377   0.01807    0.1183        88       320    0.4332   0.09038   0.05286    0.0157   0.08247   0.03193   0.02132
     9/149     3.14G   0.06126   0.03178   0.01627    0.1093       123       320    0.4676     0.131   0.09892   0.02959   0.06551   0.02817   0.01874
    10/149     3.14G    0.0608   0.03172   0.01553     0.108       133       320    0.4984    0.2466    0.1692   0.06065   0.05982   0.02621   0.02021
    11/149     3.14G   0.06051   0.03068   0.01567    0.1069       146       320    0.8196    0.1528    0.1587   0.05764   0.06388   0.02824   0.01967
    12/149     3.14G   0.05835   0.03192   0.01477     0.105       164       320     0.545    0.3039    0.2209   0.07973   0.05521   0.02717   0.01715
    13/149     3.14G   0.05806   0.02928   0.01326    0.1006       146       320    0.6021    0.2506    0.2206    0.0787   0.06501   0.02627    0.1478
    14/149     3.14G   0.05677   0.02883   0.01326   0.09886       101       320    0.5733    0.1633    0.1426   0.04805   0.09424   0.03134    0.4807
    15/149     3.14G   0.05586   0.02925   0.01314   0.09825       186       320    0.7257 0.0005077 0.0005569 0.0003892    0.1412    0.3183     9.788
    16/149     3.14G   0.05707   0.03074   0.01335    0.1012       127       320  0.007255  0.003323 5.188e-05 5.229e-06       nan       nan       nan
    17/149     3.14G   0.05684   0.03143   0.01279    0.1011       141       320         0         0         0         0       nan       nan       nan
    18/149     3.14G   0.05344   0.02957   0.01083   0.09383       167       320    0.5417   0.07822   0.05882   0.01317    0.1008   0.03283    0.6286
    19/149     3.14G   0.05604    0.0298   0.01277   0.09861       130       320    0.7035    0.2763    0.2867   0.09261   0.06377   0.02354   0.01257
    20/149     3.14G    0.0536   0.02938   0.01099   0.09396       163       320    0.6957     0.284    0.2833    0.1225   0.05418   0.02327     0.016
    21/149     3.14G   0.05417   0.02917   0.01287   0.09621       110       320    0.4866   0.06921   0.03932    0.0131   0.08094   0.03082   0.02859
    22/149     3.14G    0.0599   0.03252   0.01427    0.1067       154       320         0         0         0         0       nan       nan       nan
    23/149     3.14G    0.0567   0.03287   0.01341     0.103       123       320         0         0         0         0    0.1764       nan       nan
    24/149     3.14G   0.05389   0.03068   0.01321   0.09777       164       320    0.3698   0.03642  0.005201  0.001193    0.1458   0.06441     1.361
    25/149     3.14G   0.05154   0.03028   0.01159   0.09342       159       320    0.6385    0.2738    0.2586   0.09655   0.05087   0.02169   0.01888
    26/149     3.14G   0.05202   0.02939   0.01149   0.09291        84       320    0.7293    0.2505    0.2841    0.1201   0.05141   0.02331   0.01227
    27/149     3.14G   0.05226   0.02908   0.01129   0.09264       158       320    0.6977    0.2769    0.2746    0.1203   0.05227   0.02465   0.01425
    28/149     3.14G   0.05233   0.02822   0.01139   0.09194       108       320    0.6732    0.2955    0.2898    0.1128   0.05349   0.02245   0.01191
    29/149     3.14G   0.05048     0.029    0.0109   0.09038       138       320    0.7165    0.2745    0.2919    0.1191    0.0523   0.02316   0.01227
    30/149     3.14G   0.04958   0.02768   0.01047   0.08773        85       320    0.7736    0.3216    0.3625    0.1684   0.04786   0.01985    0.0145
    31/149     3.14G   0.05198   0.02898   0.01045    0.0914       146       320    0.7789    0.3355    0.3749    0.1733     0.047   0.02071    0.0131
    32/149     3.14G   0.05045    0.0285  0.009719   0.08867       119       320    0.8295    0.3199    0.3703    0.1565   0.04665   0.02071   0.01195
    33/149     3.14G   0.05002   0.02874   0.00979   0.08855        67       320    0.7129    0.2962    0.3188    0.1426   0.04715   0.02108   0.01286
    34/149     3.14G    0.0518   0.02769   0.01013   0.08963       118       320    0.7636    0.2564    0.3286    0.1424   0.05283   0.02262   0.01505
    35/149     3.14G   0.05107   0.02678   0.01019   0.08804       162       320    0.7835    0.3222    0.3615    0.1615   0.04674   0.02007   0.01266
    36/149     3.14G   0.05036   0.02714  0.009293   0.08679       174       320    0.7359     0.351      0.37    0.1578   0.04884   0.01993   0.01265
    37/149     3.14G   0.04896    0.0277   0.01042   0.08708        81       320     0.772    0.3398    0.3625    0.1592   0.04321   0.02222   0.01507
    38/149     3.14G   0.05085   0.02642   0.01013    0.0874       160       320    0.7289    0.3014    0.3263    0.1232   0.04914   0.02112   0.01728
    39/149     3.14G   0.04906   0.02718  0.009783   0.08603       107       320    0.7435    0.3283     0.354    0.1442   0.04698   0.02182   0.01194
    40/149     3.14G   0.05024   0.02794   0.00944   0.08762       185       320    0.7385    0.2842    0.3096    0.1249   0.04974   0.02773   0.01382
    41/149     3.14G   0.04875   0.02669  0.009369   0.08481       131       320    0.8205    0.3638    0.4134    0.1939   0.04535   0.01896   0.01433
    42/149     3.14G   0.04822   0.02736   0.01012    0.0857       210       320    0.8409    0.3498    0.4055    0.1808   0.04142   0.01827   0.01529
    43/149     3.14G   0.04537   0.02628  0.008911   0.08056        72       320    0.7933    0.3258    0.3928    0.1782   0.04353   0.02007     0.012
    44/149     3.14G   0.04599   0.02581  0.009599    0.0814       152       320     0.768    0.3721    0.4158    0.1948   0.04265   0.01894   0.01293
    45/149     3.14G   0.04603   0.02769  0.009446   0.08316       157       320    0.5104    0.4404    0.4508    0.2094   0.04337   0.01815   0.01097
    46/149     3.14G   0.04668   0.02658  0.008641   0.08191       107       320     0.681    0.3907    0.4369    0.2082   0.04205   0.01818   0.01034
    47/149     3.14G    0.0451   0.02522   0.00903   0.07935       112       320    0.5779    0.3275    0.3473    0.1682   0.06973       nan       nan
    48/149     3.14G   0.04487    0.0253  0.008373   0.07854       103       320    0.3207    0.3997    0.2912    0.1314   0.04731   0.02697   0.07246
    49/149     3.14G   0.04503   0.02582  0.007732   0.07858       147       320     0.688    0.3206    0.3243    0.1464   0.04818   0.02292   0.05958
    50/149     3.14G   0.04568   0.02625  0.007899   0.07983       186       320    0.7635    0.3952    0.4408    0.2144   0.04217    0.0196   0.01191
    51/149     3.14G   0.04577   0.02547  0.008805   0.08004       118       320    0.8115    0.3612    0.4325    0.2023   0.04259    0.0199   0.01432
    52/149     3.14G   0.04614   0.02633  0.008181   0.08065       207       320    0.8599    0.3703     0.436    0.2052   0.04023   0.01829   0.01098
    53/149     3.14G   0.04445   0.02584   0.00793   0.07822       143       320    0.7447    0.3685    0.4203    0.1855   0.04392   0.01957   0.01216
    54/149     3.14G    0.0445   0.02619  0.008657   0.07935       169       320    0.5856    0.4098    0.4447    0.2171   0.04141   0.01897   0.01164
    55/149     3.14G   0.04523     0.027  0.007614   0.07984       166       320    0.5204    0.4161    0.4285    0.2067   0.04219   0.01873   0.01228
    56/149     3.14G   0.04382   0.02473  0.007916   0.07647        91       320    0.8404    0.3775    0.4514     0.229   0.03955    0.0201    0.0113
    57/149     3.14G   0.04454   0.02677  0.008221   0.07953       154       320    0.5453    0.4198    0.4326    0.2035   0.04074   0.01786   0.01226
    58/149     3.14G   0.04256   0.02528  0.007395   0.07524       120       320    0.8703    0.3657    0.4715    0.2182   0.04205   0.02001  0.009559
    59/149     3.14G   0.04301   0.02673  0.007145   0.07688       120       320    0.7341    0.4711    0.5176    0.2505   0.03943   0.01778    0.0091
    60/149     3.14G   0.04474    0.0257  0.007969   0.07842       149       320    0.5183    0.4907    0.4689    0.2242   0.04202   0.01772   0.01142
    61/149     3.14G    0.0437   0.02576   0.00782   0.07728       116       320     0.533    0.3917    0.3723    0.1908   0.04141   0.02235   0.01745
    62/149     3.14G   0.04335   0.02481  0.007271   0.07543       129       320    0.4282    0.5034      0.45    0.2233   0.04168   0.01811   0.01113
    63/149     3.14G   0.04256   0.02406  0.007332   0.07396       158       320    0.6396     0.449     0.489    0.2555   0.03973   0.01758  0.008997
    64/149     3.14G   0.04235   0.02502  0.007195   0.07457       147       320    0.6013    0.4356    0.4525    0.2096   0.04135     0.018   0.01243
    65/149     3.14G   0.04471   0.02474  0.007109   0.07656       137       320    0.6749    0.4526    0.4777    0.2113   0.04153   0.01777  0.009795
    66/149     3.14G   0.04572   0.02547  0.008645   0.07984       138       320    0.5366    0.5339     0.496    0.2541    0.0389   0.01828  0.009128
    67/149     3.14G   0.04492   0.02619  0.007259   0.07837       132       320     0.557    0.5073    0.4962     0.235   0.04018   0.01747   0.01102
    68/149     3.14G   0.04461   0.02661  0.006794   0.07801       139       320    0.6076     0.517    0.5193    0.2604   0.04068   0.01754  0.009763
    69/149     3.14G   0.04182   0.02504  0.007593   0.07445       126       320    0.5205    0.4456    0.4176    0.1975   0.04132   0.01832   0.01295
    70/149     3.14G   0.04047   0.02487  0.006975   0.07232       242       320     0.752    0.4123    0.4676    0.2394   0.03854   0.01903  0.008897
    71/149     3.14G   0.04086   0.02556   0.00675   0.07317       226       320    0.5244    0.4642    0.4505    0.2355   0.03964   0.01874   0.01259
    72/149     3.14G   0.03997   0.02486   0.00654   0.07137       308       320     0.589     0.498    0.4752    0.2395   0.03691   0.01704   0.01297
    73/149     3.14G   0.04011   0.02372  0.006496   0.07032        79       320      0.53    0.5118    0.4859     0.248   0.03975   0.01763    0.0111
    74/149     3.14G   0.03994   0.02431  0.007101   0.07135        97       320    0.5983    0.5554    0.5257    0.2778   0.03677   0.01752  0.008783
    75/149     3.14G   0.03885   0.02369   0.00676    0.0693       134       320     0.681    0.5403    0.5321    0.2628   0.03691   0.01708  0.008448
    76/149     3.14G   0.03962   0.02484  0.006674   0.07113       142       320    0.5225    0.4971    0.4872    0.2529   0.03656   0.01826   0.01391
    77/149     3.14G   0.04043   0.02432  0.006034   0.07078       122       320    0.6861    0.5278    0.5567     0.283   0.03708   0.01778    0.0101
    78/149     3.14G   0.04013   0.02355  0.006013   0.06969       171       320    0.6714    0.4538     0.507    0.2461   0.03819    0.0175   0.01014
    79/149     3.14G   0.04014   0.02474  0.006254   0.07114       150       320    0.7221    0.4815    0.5404     0.283   0.03671   0.01672  0.007905
    80/149     3.14G   0.03892   0.02421   0.00565   0.06878       132       320    0.5948     0.489    0.4806    0.2487   0.03769   0.01769    0.0136
    81/149     3.14G   0.03903   0.02433   0.00518   0.06854       140       320    0.5988    0.5311    0.5253     0.257   0.03733   0.01663  0.009571
    82/149     3.14G   0.03964   0.02311  0.005795   0.06855        95       320    0.7362    0.4863    0.5363    0.2475    0.0389   0.01717  0.008712
    83/149     3.14G   0.03855    0.0231  0.006292   0.06794       153       320    0.6571    0.4786    0.5278    0.2747   0.03607   0.01715  0.009124
    84/149     3.14G   0.03906   0.02311  0.007062   0.06923       158       320    0.7099    0.4832    0.5199    0.2583   0.03753   0.01841   0.01217
    85/149     3.14G   0.03901   0.02402  0.005655   0.06868       136       320     0.742    0.4444    0.5113    0.2713   0.03719   0.01852   0.01081
    86/149     3.14G   0.03912   0.02343  0.005354   0.06791       128       320     0.778    0.4942    0.5645    0.2695   0.03806   0.01705  0.009722
    87/149     3.14G   0.03938   0.02496  0.005237   0.06958       160       320    0.6898    0.5123    0.5477     0.276   0.03583   0.01694  0.009387
    88/149     3.14G   0.03804   0.02246  0.005431   0.06593       148       320    0.6658    0.5157    0.5369    0.2708   0.03666   0.01715  0.007639
    89/149     3.14G   0.04091   0.02397  0.005894   0.07077       123       320 0.0002974 0.0002539 1.883e-06 1.883e-07       nan       nan       nan
    90/149     3.14G   0.03991   0.02503  0.006179   0.07112        95       320   0.01326    0.2276  0.005045  0.001538    0.1109    0.3429     0.465
    91/149     3.14G    0.0393   0.02303  0.005816   0.06814        93       320    0.5502    0.4354    0.3772     0.178    0.0624   0.01835   0.02996
    92/149     3.14G   0.03817   0.02394  0.005576   0.06769       140       320    0.7493    0.5118    0.5609    0.2617   0.04548   0.01688   0.00976
    93/149     3.14G   0.03744   0.02322  0.005177   0.06583       140       320    0.8219    0.4915    0.5707    0.2875   0.03766   0.01676  0.008902
    94/149     3.14G   0.03665   0.02375  0.004499   0.06489        94       320    0.6384    0.5559    0.5449    0.2761   0.03555   0.01674  0.009146
    95/149     3.14G    0.0375   0.02274  0.004602   0.06485       139       320    0.7021    0.5557    0.5885    0.2973   0.03546   0.01662  0.007494
    96/149     3.14G   0.03706   0.02373  0.004993   0.06578       128       320    0.8196    0.5327    0.6176    0.3304   0.03449   0.01659  0.006851
    97/149     3.14G   0.03694   0.02297  0.004699   0.06461       103       320    0.7278    0.4962     0.564    0.2982   0.03473   0.01632  0.009895
    98/149     3.14G   0.03623   0.02098  0.004536   0.06175       152       320     0.722     0.568    0.6016    0.3131   0.03468    0.0165  0.006889
    99/149     3.14G   0.03638   0.02252  0.004346   0.06325       130       320    0.7736     0.506     0.595    0.3114   0.03559   0.01661  0.007914
   100/149     3.14G   0.03719   0.02158  0.004064   0.06283       135       320    0.7139    0.5278    0.5862    0.3007   0.03517    0.0164  0.007481
   101/149     3.14G   0.03623   0.02228  0.004997    0.0635       117       320    0.7946    0.5059     0.592    0.3324    0.0339   0.01615  0.008052
   102/149     3.14G   0.03529    0.0236  0.004502   0.06339       220       320     0.757    0.5032    0.5754    0.3015   0.03625   0.01649  0.008525
   103/149     3.14G   0.03521   0.02219  0.004001    0.0614       139       320    0.7518    0.5187    0.5849    0.3031   0.03329    0.0163   0.01064
   104/149     3.14G   0.03605    0.0222  0.004946    0.0632       172       320     0.711    0.5742    0.6144    0.3279   0.03456   0.01592  0.007841
   105/149     3.14G   0.03567    0.0228  0.004594   0.06306       108       320    0.7587    0.5544    0.6027    0.3239   0.03469   0.01617  0.008011
   106/149     3.14G   0.03591   0.02277  0.004652   0.06333       205       320    0.8196    0.4993    0.5865    0.3098   0.03543   0.01627  0.008723
   107/149     3.14G   0.03586    0.0223  0.004363   0.06253       142       320    0.7869    0.5479    0.6108    0.3101   0.03539   0.01637  0.008555
   108/149     3.14G   0.03614    0.0228  0.004381   0.06332       178       320    0.7233    0.5908    0.6152    0.3222    0.0356   0.01638  0.008357
   109/149     3.14G   0.03513   0.02164  0.003388   0.06016       153       320    0.8066    0.5175    0.6102    0.3364   0.03409   0.01615  0.008115
   110/149     3.14G   0.03482   0.02228  0.004621   0.06172       157       320    0.7647     0.537     0.618    0.3374   0.03314   0.01571  0.007981
   111/149     3.14G   0.03413    0.0223  0.004119   0.06055        97       320    0.8389    0.5432    0.6234    0.3394   0.03331   0.01643  0.008553
   112/149     3.14G   0.03345    0.0222  0.003609   0.05926       136       320    0.7983    0.5555     0.638    0.3469   0.03271   0.01561   0.00797
   113/149     3.14G   0.03436   0.02196   0.00396   0.06028       130       320    0.7185    0.5485    0.6073    0.3097   0.03401   0.01649  0.008049
   114/149     3.14G   0.03317   0.02177  0.003717   0.05866       174       320    0.7686    0.5541    0.6281      0.34    0.0341   0.01571  0.008114
   115/149     3.14G   0.03337   0.02116  0.003511   0.05804       187       320    0.8418    0.5647     0.652    0.3696   0.03363   0.01577  0.007217
   116/149     3.14G   0.03323    0.0218  0.003183   0.05822       126       320    0.6864    0.5986    0.6166    0.3375   0.03289   0.01592   0.00843
   117/149     3.14G    0.0339   0.02235  0.003574   0.05983       102       320    0.7485    0.5828    0.6217    0.3352   0.03384   0.01595  0.008612
   118/149     3.14G   0.03471   0.02104  0.003921   0.05967       102       320    0.6203    0.5406    0.5273    0.2844   0.03451   0.01647   0.00987
   119/149     3.14G   0.03412   0.02047  0.004095   0.05868       117       320     0.684    0.5798    0.6101    0.3212   0.03355   0.01637   0.00849
   120/149     3.14G   0.03396   0.02182   0.00416   0.05994       112       320    0.7047    0.5852    0.6139    0.3452   0.03184   0.01546  0.008423
   121/149     3.14G   0.03372    0.0219  0.003771   0.05939       235       320    0.7539    0.5615    0.6175    0.3417   0.03237   0.01561  0.008616
   122/149     3.14G   0.03455   0.02318  0.003704   0.06143       199       320    0.7087     0.614    0.6243    0.3511   0.03309   0.01592  0.007106
   123/149     3.14G   0.03316   0.02097  0.003196   0.05733       117       320    0.7802    0.5705    0.6224    0.3384   0.03331   0.01567  0.008301
   124/149     3.14G   0.03256   0.02108  0.003181   0.05682       128       320    0.8233    0.4945    0.5736    0.3224   0.03172   0.01564   0.01129
   125/149     3.14G   0.03219   0.02095  0.003376   0.05652       144       320    0.8259    0.5263    0.6092     0.337   0.03196    0.0158  0.008201
   126/149     3.14G   0.03276   0.01998  0.003249   0.05599       116       320    0.7087    0.6038    0.6113    0.3404   0.03231   0.01581  0.008332
   127/149     3.14G   0.03253   0.02032  0.003184   0.05603       161       320    0.7506     0.556    0.5993    0.3259    0.0325   0.01591  0.009136
   128/149     3.14G   0.03187   0.02009  0.002677   0.05464       131       320    0.7289    0.5782    0.5996     0.315   0.03351   0.01627  0.008295
   129/149     3.14G   0.03134   0.02005   0.00331    0.0547        92       320    0.6977    0.6291    0.6266    0.3458   0.03256   0.01588  0.007545
   130/149     3.14G   0.03182    0.0214  0.003495   0.05672       275       320    0.7507    0.5874    0.6378    0.3452   0.03281   0.01568    0.0077
   131/149     3.14G   0.03125    0.0202  0.003088   0.05453       113       320    0.7399    0.5721    0.6082    0.3241   0.03317   0.01591    0.0089
   132/149     3.14G   0.03101   0.01984  0.002985   0.05383       171       320    0.6937    0.5742    0.6041    0.3267   0.03196   0.01567  0.009905
   133/149     3.14G   0.03153   0.02051  0.003254   0.05529        84       320    0.7371    0.6092    0.6424    0.3582   0.03157   0.01536  0.007385
   134/149     3.14G   0.03047      0.02  0.002906   0.05337       139       320    0.7971    0.5324    0.6061     0.344   0.03176   0.01593  0.008006
   135/149     3.14G   0.03158   0.02063  0.003062   0.05527       150       320    0.7606    0.5508    0.6045    0.3284   0.03243   0.01553  0.007583
   136/149     3.14G   0.03124   0.01989  0.003158   0.05429       116       320    0.8145    0.5538    0.6369    0.3592   0.03194   0.01545  0.007245
   137/149     3.14G   0.03181   0.02115  0.003171   0.05613       197       320    0.8326     0.592    0.6395    0.3548   0.03255   0.01596  0.007239
   138/149     3.14G   0.03125   0.02022  0.003269   0.05474        97       320    0.6877    0.5917    0.6065    0.3354   0.03121   0.01542   0.01011
   139/149     3.14G   0.03187   0.02075  0.002795   0.05542       115       320    0.7693    0.5647    0.6191    0.3389   0.03212   0.01568  0.009617
   140/149     3.14G   0.03116   0.02125   0.00337   0.05578       148       320    0.7738    0.5663    0.6139    0.3442    0.0324   0.01612  0.007952
   141/149     3.14G   0.03101   0.02021  0.002748   0.05398        91       320    0.7469    0.6125    0.6405    0.3696   0.03042   0.01553  0.007243
   142/149     3.14G   0.03155   0.01984  0.003086   0.05448       151       320    0.8342    0.5716    0.6424    0.3482   0.03136   0.01524  0.007609
   143/149     3.14G   0.03128    0.0211  0.002677   0.05506       157       320    0.7439    0.6279    0.6486     0.356   0.03116   0.01535  0.008467
   144/149     3.14G   0.03071   0.02046  0.002589   0.05376       109       320    0.8536    0.6177    0.6886    0.3739   0.03122   0.01532  0.006674
   145/149     3.14G   0.02994   0.02047  0.002423   0.05284       106       320    0.7523    0.6263     0.642     0.361   0.03155   0.01551  0.007213
   146/149     3.14G   0.03013   0.02014  0.002364   0.05263       186       320    0.8488    0.5927    0.6322    0.3598   0.03122   0.01559  0.007493
   147/149     3.14G   0.03028   0.02049  0.002498   0.05326       195       320    0.8551    0.5529    0.6378    0.3602   0.03139   0.01592  0.006805
   148/149     3.14G   0.03099   0.01983  0.002757   0.05357       131       320     0.842     0.604    0.6643    0.3704   0.03117   0.01542  0.006543
   149/149     3.14G   0.03008   0.02012  0.002762   0.05296       146       320    0.8658     0.587    0.6499    0.3534   0.03233   0.01581  0.007096
