1 0.03166666666666667 0.3 0.03333333333333333 0.085
1 0.11166666666666666 0.275 0.04666666666666667 0.08833333333333333
1 0.25666666666666665 0.6183333333333333 0.035 0.06166666666666667
1 0.30333333333333334 0.435 0.03666666666666667 0.08
1 0.3466666666666667 0.36 0.035 0.06166666666666667
1 0.4166666666666667 0.4066666666666667 0.043333333333333335 0.06666666666666667
1 0.4633333333333333 0.405 0.03333333333333333 0.05333333333333334
1 0.5683333333333334 0.375 0.03333333333333333 0.06666666666666667
1 0.635 0.3883333333333333 0.035 0.06666666666666667
1 0.72 0.3283333333333333 0.035 0.06166666666666667
2 0.21833333333333332 0.335 0.03666666666666667 0.075
2 0.31166666666666665 0.34833333333333333 0.02666666666666667 0.04833333333333333
2 0.53 0.38666666666666666 0.03 0.07166666666666667
2 0.3933333333333333 0.36666666666666664 0.035 0.06666666666666667