1 0.03 0.23666666666666666 0.055 0.07833333333333334
1 0.08666666666666667 0.275 0.03333333333333333 0.05333333333333334
1 0.24 0.225 0.035 0.06166666666666667
1 0.305 0.22666666666666666 0.05 0.08666666666666667
1 0.3433333333333333 0.23666666666666666 0.02666666666666667 0.05
1 0.3933333333333333 0.275 0.03666666666666667 0.05333333333333334
1 0.4666666666666667 0.2733333333333333 0.03666666666666667 0.05
1 0.5666666666666667 0.31333333333333335 0.05333333333333334 0.07166666666666667
1 0.615 0.215 0.045 0.065
1 0.7133333333333334 0.235 0.03333333333333333 0.05333333333333334
1 0.7516666666666667 0.23166666666666666 0.043333333333333335 0.06833333333333333
1 0.8283333333333334 0.325 0.04666666666666667 0.06833333333333333
1 0.9033333333333333 0.26666666666666666 0.043333333333333335 0.07833333333333334
1 0.42333333333333334 0.25833333333333336 0.02 0.03666666666666667