1 0.27666666666666667 0.245 0.02666666666666667 0.041666666666666664
2 0.35833333333333334 0.27166666666666667 0.03666666666666667 0.04833333333333333
1 0.4866666666666667 0.23333333333333334 0.03666666666666667 0.06333333333333334
1 0.6133333333333333 0.2916666666666667 0.04666666666666667 0.06666666666666667
1 0.7166666666666667 0.32666666666666666 0.045 0.06666666666666667
1 0.8366666666666667 0.29833333333333334 0.06333333333333334 0.08666666666666667
1 0.9766666666666667 0.285 0.04 0.11166666666666666
1 0.22166666666666668 0.2816666666666667 0.023333333333333334 0.03666666666666667
1 0.19333333333333333 0.25666666666666665 0.023333333333333334 0.041666666666666664
1 0.155 0.25833333333333336 0.02 0.03666666666666667
1 0.12 0.255 0.025 0.03