1 0.07666666666666666 0.645 0.13333333333333333 0.285
1 0.3233333333333333 0.3883333333333333 0.02666666666666667 0.058333333333333334
1 0.4066666666666667 0.3983333333333333 0.03333333333333333 0.075
1 0.545 0.315 0.03 0.06166666666666667
1 0.13333333333333333 0.4066666666666667 0.015 0.03166666666666667
1 0.44166666666666665 0.365 0.013333333333333334 0.02666666666666667
1 0.48833333333333334 0.365 0.016666666666666666 0.035
1 0.64 0.34 0.02 0.021666666666666667
1 0.7033333333333334 0.355 0.03 0.05333333333333334
1 0.8983333333333333 0.3 0.17333333333333334 0.325
2 0.73 0.30666666666666664 0.015 0.035
1 0.215 0.3983333333333333 0.01 0.04