1 0.03333333333333333 0.175 0.025 0.06666666666666667
1 0.08333333333333333 0.10833333333333334 0.025 0.056666666666666664
1 0.11666666666666667 0.20333333333333334 0.02666666666666667 0.056666666666666664
1 0.20333333333333334 0.18166666666666667 0.035 0.07166666666666667
1 0.26666666666666666 0.21333333333333335 0.05333333333333334 0.085
1 0.31 0.11833333333333333 0.03 0.075
1 0.365 0.11833333333333333 0.025 0.056666666666666664
1 0.5233333333333333 0.20666666666666667 0.04 0.09
1 0.6016666666666667 0.175 0.03666666666666667 0.095
1 0.715 0.175 0.055 0.11333333333333333
1 0.8033333333333333 0.19166666666666668 0.04666666666666667 0.1
1 0.8933333333333333 0.15666666666666668 0.03666666666666667 0.06666666666666667
2 0.9066666666666666 0.455 0.03 0.075