1 0.023333333333333334 0.16 0.043333333333333335 0.08
1 0.08333333333333333 0.20666666666666667 0.055 0.10166666666666667
2 0.09833333333333333 0.35833333333333334 0.05333333333333334 0.09333333333333334
1 0.04666666666666667 0.8533333333333334 0.07666666666666666 0.14166666666666666
1 0.26 0.105 0.06 0.085
1 0.2733333333333333 0.38166666666666665 0.056666666666666664 0.115
0 0.16666666666666666 0.6483333333333333 0.056666666666666664 0.13333333333333333
1 0.12333333333333334 0.74 0.07333333333333333 0.13833333333333334
1 0.37666666666666665 0.9116666666666666 0.06666666666666667 0.13333333333333333
1 0.4866666666666667 0.105 0.06666666666666667 0.10166666666666667
1 0.49833333333333335 0.295 0.06333333333333334 0.11166666666666666
1 0.5166666666666667 0.6933333333333334 0.056666666666666664 0.09833333333333333
1 0.5666666666666667 0.7883333333333333 0.075 0.12833333333333333
1 0.66 0.10166666666666667 0.06 0.09833333333333333
1 0.64 0.375 0.055 0.11166666666666666
1 0.7466666666666667 0.10166666666666667 0.07 0.125
1 0.8233333333333334 0.03166666666666667 0.05333333333333334 0.06166666666666667
1 0.8933333333333333 0.19833333333333333 0.06666666666666667 0.10166666666666667
1 0.93 0.5666666666666667 0.075 0.11166666666666666