1 0.04 0.8783333333333333 0.065 0.115
1 0.125 0.7816666666666666 0.065 0.11
0 0.16666666666666666 0.7116666666666667 0.05333333333333334 0.09333333333333334
2 0.09333333333333334 0.475 0.043333333333333335 0.07
1 0.08333333333333333 0.3516666666666667 0.04 0.09
1 0.025 0.31833333333333336 0.035 0.07333333333333333
2 0.08 0.045 0.05 0.08166666666666667
1 0.2966666666666667 0.07333333333333333 0.05333333333333334 0.08166666666666667
1 0.25666666666666665 0.26666666666666666 0.055 0.07
1 0.2633333333333333 0.49333333333333335 0.045 0.09
1 0.37333333333333335 0.9216666666666666 0.07 0.10666666666666667
1 0.5166666666666667 0.7433333333333333 0.06333333333333334 0.08166666666666667
1 0.5633333333333334 0.8216666666666667 0.07333333333333333 0.10166666666666667
1 0.49666666666666665 0.4266666666666667 0.056666666666666664 0.09333333333333334
1 0.4816666666666667 0.275 0.06333333333333334 0.085
1 0.48833333333333334 0.14666666666666667 0.056666666666666664 0.07333333333333333
1 0.6383333333333333 0.49 0.04666666666666667 0.08166666666666667
1 0.6583333333333333 0.27 0.05333333333333334 0.09
1 0.7433333333333333 0.26666666666666666 0.056666666666666664 0.09333333333333334
1 0.93 0.64 0.07 0.07333333333333333
1 0.89 0.3433333333333333 0.06 0.08166666666666667
1 0.82 0.2 0.045 0.07333333333333333
1 0.8166666666666667 0.08833333333333333 0.045 0.06166666666666667