1 0.02666666666666667 0.2733333333333333 0.04 0.07666666666666666
1 0.13666666666666666 0.285 0.035 0.07166666666666667
1 0.22833333333333333 0.295 0.03666666666666667 0.07166666666666667
1 0.27666666666666667 0.20166666666666666 0.03333333333333333 0.07666666666666666
1 0.3333333333333333 0.24166666666666667 0.035 0.08166666666666667
1 0.43833333333333335 0.27 0.03666666666666667 0.08166666666666667
1 0.565 0.25833333333333336 0.035 0.07666666666666666
1 0.6516666666666666 0.30666666666666664 0.03333333333333333 0.06666666666666667
1 0.7433333333333333 0.29833333333333334 0.035 0.07166666666666667
1 0.8366666666666667 0.35 0.043333333333333335 0.06666666666666667
1 0.9533333333333334 0.31333333333333335 0.045 0.08166666666666667