1 0.10666666666666667 0.585 0.08 0.18
1 0.06666666666666667 0.26666666666666666 0.065 0.145
1 0.13666666666666666 0.11833333333333333 0.056666666666666664 0.15
1 0.225 0.5116666666666667 0.065 0.17
1 0.165 0.4083333333333333 0.055 0.13666666666666666
1 0.3333333333333333 0.595 0.06 0.19833333333333333
1 0.2733333333333333 0.935 0.095 0.12166666666666667
1 0.4266666666666667 0.8983333333333333 0.11 0.195
1 0.42 0.36 0.07 0.175
1 0.3416666666666667 0.24333333333333335 0.06333333333333334 0.145
1 0.545 0.37833333333333335 0.06 0.145
1 0.5783333333333334 0.7833333333333333 0.08333333333333333 0.16
1 0.6283333333333333 0.585 0.06333333333333334 0.18
1 0.605 0.325 0.065 0.165
1 0.6633333333333333 0.12666666666666668 0.055 0.13666666666666666
2 0.5366666666666666 0.09166666666666666 0.04666666666666667 0.09666666666666666
1 0.7666666666666667 0.4166666666666667 0.056666666666666664 0.145
1 0.8066666666666666 0.68 0.09 0.20333333333333334
1 0.8583333333333333 0.65 0.056666666666666664 0.155
1 0.9633333333333334 0.4583333333333333 0.06666666666666667 0.19
1 0.9266666666666666 0.20166666666666666 0.06333333333333334 0.15
1 0.9433333333333334 0.055 0.05333333333333334 0.09166666666666666
1 0.8483333333333334 0.3616666666666667 0.06666666666666667 0.14
1 0.9733333333333334 0.8883333333333333 0.04666666666666667 0.21333333333333335