1 0.06333333333333334 0.7133333333333334 0.045 0.075
1 0.05 0.40166666666666667 0.02 0.056666666666666664
1 0.13333333333333333 0.39 0.03333333333333333 0.056666666666666664
2 0.05333333333333334 0.5016666666666667 0.025 0.06333333333333334
2 0.021666666666666667 0.5283333333333333 0.023333333333333334 0.07166666666666667
1 0.29833333333333334 0.26 0.056666666666666664 0.085
1 0.37333333333333335 0.275 0.05333333333333334 0.07833333333333334
1 0.4866666666666667 0.2966666666666667 0.056666666666666664 0.09333333333333334
1 0.6416666666666667 0.31 0.04666666666666667 0.08166666666666667
1 0.7533333333333333 0.285 0.056666666666666664 0.09333333333333334
1 0.9733333333333334 0.38 0.035 0.051666666666666666
2 0.9733333333333334 0.5 0.03666666666666667 0.075