1 0.08833333333333333 0.3 0.056666666666666664 0.09
0 0.24166666666666667 0.35833333333333334 0.04666666666666667 0.07166666666666667
1 0.3433333333333333 0.2683333333333333 0.05333333333333334 0.08666666666666667
1 0.36666666666666664 0.6816666666666666 0.10333333333333333 0.195
1 0.4066666666666667 0.47333333333333333 0.085 0.13166666666666665
1 0.5333333333333333 0.255 0.03 0.06
1 0.615 0.43333333333333335 0.09 0.15333333333333332
0 0.6733333333333333 0.20333333333333334 0.035 0.07166666666666667
1 0.695 0.30333333333333334 0.045 0.075
1 0.7716666666666666 0.4483333333333333 0.056666666666666664 0.09333333333333334
1 0.7933333333333333 0.2783333333333333 0.05 0.07833333333333334
1 0.8916666666666667 0.525 0.11666666666666667 0.165
1 0.9283333333333333 0.21 0.03666666666666667 0.06
1 0.8733333333333333 0.21333333333333335 0.04 0.06666666666666667
1 0.028333333333333332 0.61 0.056666666666666664 0.12