1 0.10833333333333334 0.5616666666666666 0.11333333333333333 0.17166666666666666
1 0.20333333333333334 0.815 0.12333333333333334 0.19833333333333333
1 0.315 0.4716666666666667 0.065 0.105
1 0.23666666666666666 0.475 0.05 0.06666666666666667
1 0.30333333333333334 0.345 0.04666666666666667 0.075
1 0.4166666666666667 0.37666666666666665 0.045 0.09333333333333334
1 0.38 0.3433333333333333 0.03 0.04833333333333333
1 0.4766666666666667 0.49833333333333335 0.07 0.12
1 0.6216666666666667 0.39 0.06666666666666667 0.12
1 0.7733333333333333 0.3466666666666667 0.05 0.09333333333333334
1 0.7616666666666667 0.5966666666666667 0.09333333333333334 0.13833333333333334
1 0.8583333333333333 0.8833333333333333 0.14666666666666667 0.20166666666666666
1 0.89 0.37666666666666665 0.04 0.07166666666666667
1 0.9516666666666667 0.4533333333333333 0.04666666666666667 0.06666666666666667
1 0.9566666666666667 0.7116666666666667 0.08 0.21666666666666667
1 0.6866666666666666 0.41833333333333333 0.043333333333333335 0.07166666666666667
1 0.9533333333333334 0.3516666666666667 0.03666666666666667 0.045