1 0.845 0.165 0.055 0.09
0 0.935 0.3 0.045 0.08166666666666667
1 0.6433333333333333 0.19666666666666666 0.04666666666666667 0.07166666666666667
1 0.71 0.2916666666666667 0.035 0.06
1 0.09166666666666666 0.21 0.043333333333333335 0.075
0 0.11666666666666667 0.2783333333333333 0.055 0.09333333333333334
0 0.4766666666666667 0.19666666666666666 0.065 0.10166666666666667
2 0.195 0.2916666666666667 0.055 0.09
2 0.021666666666666667 0.2 0.043333333333333335 0.06333333333333334
2 0.36333333333333334 0.245 0.045 0.07166666666666667
2 0.6033333333333334 0.21666666666666667 0.035 0.06
2 0.7266666666666667 0.15333333333333332 0.04666666666666667 0.06666666666666667
2 0.23666666666666666 0.23 0.035 0.06333333333333334