1 0.2 0.28833333333333333 0.045 0.06333333333333334
1 0.31666666666666665 0.2866666666666667 0.045 0.06666666666666667
1 0.43333333333333335 0.31333333333333335 0.055 0.07333333333333333
1 0.1 0.275 0.025 0.043333333333333335
1 0.31333333333333335 0.22166666666666668 0.03 0.04833333333333333
1 0.24333333333333335 0.23166666666666666 0.02 0.03666666666666667
1 0.4033333333333333 0.25666666666666665 0.045 0.07333333333333333
1 0.8566666666666667 0.285 0.045 0.06333333333333334
1 0.7016666666666667 0.24 0.043333333333333335 0.06333333333333334
1 0.5983333333333334 0.25166666666666665 0.043333333333333335 0.06333333333333334
2 0.76 0.2633333333333333 0.035 0.085
1 0.8966666666666666 0.22 0.02666666666666667 0.051666666666666666
1 0.10166666666666667 0.32666666666666666 0.016666666666666666 0.058333333333333334