2 0.043333333333333335 0.7183333333333334 0.02 0.06
1 0.09666666666666666 0.7283333333333334 0.043333333333333335 0.07166666666666667
1 0.17333333333333334 0.6966666666666667 0.016666666666666666 0.045
1 0.26 0.7533333333333333 0.04 0.06
2 0.325 0.565 0.025 0.045
1 0.35333333333333333 0.5816666666666667 0.035 0.04833333333333333
0 0.395 0.595 0.03 0.03666666666666667
2 0.36833333333333335 0.6633333333333333 0.03333333333333333 0.051666666666666666
1 0.32166666666666666 0.6983333333333334 0.03666666666666667 0.04833333333333333
1 0.41333333333333333 0.6733333333333333 0.03666666666666667 0.06
1 0.455 0.6233333333333333 0.035 0.06333333333333334
1 0.5466666666666666 0.5916666666666667 0.03 0.045
1 0.5033333333333333 0.6983333333333334 0.04 0.06333333333333334
1 0.5266666666666666 0.7716666666666666 0.043333333333333335 0.075
1 0.5983333333333334 0.58 0.03666666666666667 0.06
2 0.5733333333333334 0.96 0.04666666666666667 0.07166666666666667
1 0.5666666666666667 0.48333333333333334 0.02666666666666667 0.03666666666666667
1 0.5116666666666667 0.4483333333333333 0.023333333333333334 0.041666666666666664
1 0.615 0.48833333333333334 0.025 0.041666666666666664
1 0.7266666666666667 0.4116666666666667 0.025 0.03666666666666667
1 0.7866666666666666 0.42333333333333334 0.016666666666666666 0.03
1 0.905 0.5 0.025 0.03333333333333333