1 0.08 0.24333333333333335 0.035 0.06
1 0.17 0.24833333333333332 0.04 0.07166666666666667
2 0.22166666666666668 0.19666666666666666 0.02666666666666667 0.041666666666666664
2 0.25333333333333335 0.155 0.04 0.056666666666666664
2 0.35333333333333333 0.19333333333333333 0.045 0.06333333333333334
1 0.5016666666666667 0.23333333333333334 0.05333333333333334 0.09333333333333334
0 0.5333333333333333 0.17833333333333334 0.023333333333333334 0.056666666666666664
2 0.5966666666666667 0.17666666666666667 0.043333333333333335 0.06666666666666667
0 0.6566666666666666 0.165 0.045 0.06666666666666667
1 0.8216666666666667 0.145 0.056666666666666664 0.10166666666666667
1 0.7483333333333333 0.12333333333333334 0.02666666666666667 0.045
1 0.7166666666666667 0.19333333333333333 0.025 0.041666666666666664
2 0.056666666666666664 0.165 0.03 0.051666666666666666