1 0.25333333333333335 0.20333333333333334 0.05 0.07666666666666666
1 0.39 0.23666666666666666 0.03 0.04833333333333333
2 0.42833333333333334 0.21666666666666667 0.03333333333333333 0.051666666666666666
2 0.45166666666666666 0.29333333333333333 0.03333333333333333 0.03666666666666667
0 0.49833333333333335 0.23666666666666666 0.03333333333333333 0.06333333333333334
1 0.6066666666666667 0.21166666666666667 0.023333333333333334 0.04
1 0.6416666666666667 0.2916666666666667 0.03333333333333333 0.06333333333333334
1 0.745 0.2866666666666667 0.035 0.07333333333333333
2 0.8233333333333334 0.24 0.04666666666666667 0.07666666666666666
1 0.91 0.285 0.05 0.085
2 0.33666666666666667 0.2916666666666667 0.02666666666666667 0.03333333333333333