1 0.06333333333333334 0.235 0.115 0.22166666666666668
1 0.3383333333333333 0.375 0.07666666666666666 0.155
1 0.425 0.21833333333333332 0.035 0.08833333333333333
1 0.5183333333333333 0.23833333333333334 0.06666666666666667 0.13833333333333334
1 0.8966666666666666 0.26166666666666666 0.03666666666666667 0.07166666666666667
2 0.9616666666666667 0.2733333333333333 0.03333333333333333 0.075
2 0.7816666666666666 0.24166666666666667 0.043333333333333335 0.085
2 0.7183333333333334 0.23333333333333334 0.03666666666666667 0.085
2 0.6416666666666667 0.23833333333333334 0.043333333333333335 0.11166666666666666
2 0.21333333333333335 0.25333333333333335 0.055 0.09833333333333333
2 0.155 0.24666666666666667 0.025 0.04833333333333333