     0/149     2.69G    0.1016   0.03639    0.0228    0.1608       102       320   0.00133   0.03199 0.0002202 3.568e-05   0.09732   0.02774   0.02063
     1/149     3.23G   0.08728   0.03914   0.01938    0.1458       152       320    0.6819   0.01193  0.004122  0.001521   0.09196   0.03239   0.02023
     2/149     3.23G   0.07176   0.03519    0.0177    0.1246        93       320    0.7728    0.1216   0.06874   0.01645   0.07624   0.03042   0.01705
     3/149     3.23G    0.0641   0.03284   0.01575    0.1127        79       320    0.8158    0.1465    0.1491   0.04258   0.06548   0.03677   0.01536
     4/149     3.23G   0.05963   0.03059   0.01434    0.1046        70       320    0.4684     0.102   0.06613   0.02044    0.1201       nan       nan
     5/149     3.23G   0.05828   0.03021    0.0132    0.1017       156       320    0.6138    0.2946    0.2606   0.08375   0.05785   0.02594   0.01245
     6/149     3.23G   0.05489   0.02975   0.01198   0.09662       111       320    0.8674    0.2027    0.2306   0.09283   0.05934   0.02706   0.01486
     7/149     3.23G   0.05561   0.02997   0.01423   0.09981       107       320  0.002304   0.02344 4.959e-05 1.051e-05    0.1443       nan       nan
     8/149     3.23G   0.05475   0.02974   0.01237   0.09687       137       320    0.6153    0.2827    0.2489    0.1047   0.05611   0.02897   0.01222
     9/149     3.23G   0.05355   0.02974   0.01151   0.09481       228       320    0.7317    0.3259    0.3295    0.1444   0.05002   0.02317   0.01048
    10/149     3.23G   0.05164   0.02859   0.01128   0.09151       122       320    0.7339    0.3168    0.3515    0.1499   0.04776     0.018    0.0103
    11/149     3.23G   0.05117   0.02774   0.01073   0.08963       109       320     0.722    0.3248    0.3452    0.1372   0.04968   0.02212   0.01022
    12/149     3.23G   0.05089   0.02707   0.01046   0.08842       131       320    0.7774    0.3215    0.3564    0.1535   0.04901   0.02263   0.01036
    13/149     3.23G   0.04927   0.02721  0.009823    0.0863       155       320    0.8123    0.2886    0.3374    0.1479   0.04574   0.02173   0.01093
    14/149     3.23G   0.04715   0.02584  0.009765   0.08276       113       320    0.7664    0.2859    0.2717     0.132   0.04798   0.03274    0.0137
    15/149     3.23G   0.04609    0.0267  0.009677   0.08247       135       320     0.853    0.3655    0.4148    0.1899   0.04632   0.02306  0.009586
    16/149     3.23G   0.04803   0.02559  0.009788   0.08341       182       320    0.8412    0.2696    0.3225    0.1485   0.04789   0.01974   0.01586
    17/149     3.23G   0.04701   0.02575  0.009194   0.08195       106       320     0.804    0.3439    0.4211    0.2086   0.04325   0.01857  0.009457
    18/149     3.23G     0.051   0.02754   0.01118   0.08972       162       320   0.01374    0.1037  0.004768  0.001679    0.1279       nan       nan
    19/149     3.23G   0.04942    0.0275    0.0104   0.08732       152       320    0.7857    0.3076    0.3441    0.1447   0.05077    0.0229   0.02001
    20/149     3.23G   0.04791   0.02733  0.009452   0.08468       133       320    0.8207    0.2363    0.2982    0.1468    0.0505    0.0284   0.01139
    21/149     3.23G   0.04709    0.0262  0.009701   0.08299       179       320    0.4237    0.3559    0.3527    0.1622   0.04814   0.02114   0.01164
    22/149     3.23G   0.04734   0.02671  0.009785   0.08383       142       320    0.5211    0.3997    0.3705    0.1896   0.04483   0.02133   0.01302
    23/149     3.23G    0.0447    0.0257  0.008792   0.07919       133       320    0.7823     0.407    0.4425    0.2149   0.04471   0.01774   0.01008
    24/149     3.23G   0.04407    0.0256  0.009077   0.07875       115       320    0.7992    0.3841    0.4476    0.2399   0.03982   0.01716   0.00961
    25/149     3.23G    0.0431   0.02448  0.009244   0.07683        80       320    0.4809    0.4253    0.4257    0.2268   0.04179   0.01696   0.01088
    26/149     3.23G   0.04288   0.02428   0.00872   0.07589        54       320    0.4747    0.5137    0.4542    0.2484   0.04047   0.01802  0.008822
    27/149     3.23G   0.04241   0.02458  0.008311    0.0753       114       320    0.5074    0.5189    0.5042     0.271   0.03778   0.01583  0.008752
    28/149     3.23G   0.04128   0.02356  0.007581   0.07243        80       320    0.8506    0.4537    0.5287    0.2744   0.03907   0.01604  0.007972
    29/149     3.23G   0.04159   0.02456  0.007992   0.07414       162       320      0.53    0.5063    0.5018     0.261   0.03931   0.01613  0.009268
    30/149     3.23G   0.04116   0.02384  0.007577   0.07257       132       320    0.5277    0.4558    0.4653    0.2426   0.03998   0.01651    0.0117
    31/149     3.23G   0.04142   0.02372  0.007575   0.07272       144       320    0.6059    0.5011    0.5065    0.2604   0.03966   0.01619  0.008762
    32/149     3.23G   0.04131   0.02462  0.007806   0.07374       103       320     0.633    0.4743    0.4845     0.257   0.03769   0.01631  0.009989
    33/149     3.23G   0.04105   0.02444   0.00773   0.07322       192       320    0.5637    0.4829    0.4868    0.2552   0.03775   0.01632   0.00828
    34/149     3.23G   0.04237   0.02385  0.007645   0.07386       120       320    0.3884    0.4517    0.3201    0.1579   0.04739     0.298   0.01695
    35/149     3.23G   0.04074   0.02455   0.00727   0.07256       121       320    0.4498    0.4947    0.4292    0.2223   0.04253   0.01871  0.009433
    36/149     3.23G   0.04144   0.02372  0.007527   0.07269        75       320    0.6353    0.5049    0.5161    0.2549   0.04053    0.0156  0.008672
    37/149     3.23G   0.04139   0.02434  0.007355   0.07308       136       320    0.6398     0.487    0.4967    0.2712   0.03825   0.01679  0.008384
    38/149     3.23G   0.04148   0.02365  0.007838   0.07297       117       320    0.5187    0.4306    0.4458    0.2322   0.04066   0.01722   0.01095
    39/149     3.23G   0.03944   0.02385    0.0075   0.07079       145       320     0.505    0.5116    0.4853    0.2544   0.03783   0.01599  0.008768
    40/149     3.23G   0.03934   0.02291   0.00716   0.06941        97       320    0.7931    0.4979    0.5781    0.2924   0.03819   0.01581  0.006956
    41/149     3.23G   0.03881   0.02327  0.007133   0.06922       118       320    0.6153    0.5688    0.5668    0.3086   0.03726   0.01541  0.008527
    42/149     3.23G    0.0389   0.02312  0.006532   0.06855       131       320    0.8048    0.4782    0.5491    0.2861   0.03658   0.01518  0.007949
    43/149     3.23G   0.03716   0.02155  0.006351   0.06506        90       320    0.6154    0.5084     0.526    0.2945   0.03542   0.01498  0.008761
    44/149     3.23G   0.03818   0.02288   0.00639   0.06745       171       320    0.7419    0.4837    0.5379    0.2725   0.03756   0.01557  0.007819
    45/149     3.23G   0.03927   0.02258  0.006312   0.06816       128       320    0.5794     0.488     0.494     0.267   0.03677   0.01552  0.009051
    46/149     3.23G   0.03885   0.02248  0.006453   0.06778        99       320    0.6544    0.5108    0.5253    0.2937   0.03573   0.01518  0.007898
    47/149     3.23G   0.03846   0.02337  0.006122   0.06796       136       320    0.5612    0.5607    0.5373    0.2907   0.03684   0.01607   0.00836
    48/149     3.23G   0.03824   0.02336  0.006027   0.06763       106       320    0.7128    0.5287    0.5858    0.3012   0.03753   0.01604  0.007912
    49/149     3.23G   0.03778   0.02295  0.006304   0.06704       114       320    0.7389    0.4904    0.5609    0.2818   0.04116   0.01568  0.008512
    50/149     3.23G   0.03856   0.02268  0.006119   0.06736       119       320    0.6159    0.4738    0.4974    0.2623   0.03722   0.01617   0.01055
    51/149     3.23G   0.03845   0.02216  0.006243   0.06686        95       320    0.5767    0.5334    0.5018    0.2625   0.03855   0.01627  0.008993
    52/149     3.23G   0.03946   0.02286  0.006366   0.06869       105       320    0.7384     0.539    0.6002    0.3299    0.0346   0.01511  0.007309
    53/149     3.23G   0.03693   0.02239  0.005544   0.06486       119       320    0.6199    0.5975    0.6036    0.3373   0.03445   0.01492  0.007242
    54/149     3.23G   0.03739   0.02206  0.006017   0.06547       141       320    0.6912    0.5656    0.5885    0.3129   0.03612   0.01502  0.006764
    55/149     3.23G   0.03758   0.02301  0.006225   0.06681       166       320    0.7646    0.5157    0.5695    0.3145    0.0354    0.0151  0.007772
    56/149     3.23G    0.0369   0.02214  0.006188   0.06523       144       320      0.61    0.5129     0.528    0.2901   0.03603   0.01559   0.01005
    57/149     3.23G   0.03693   0.02105  0.005628   0.06361       121       320    0.6944    0.5658    0.5752    0.3032   0.03629   0.01495   0.00688
    58/149     3.23G   0.03696    0.0219  0.005878   0.06474       130       320    0.6755    0.4853    0.5188    0.2899   0.03673   0.01589  0.009376
    59/149     3.23G   0.03757   0.02213  0.005682   0.06538       117       320    0.6172    0.5093    0.5241    0.2831   0.03561   0.01568    0.0104
    60/149     3.23G   0.03722   0.02174  0.005813   0.06477       134       320    0.6801    0.5867    0.5944    0.3274   0.03514   0.01508  0.007227
    61/149     3.23G   0.03594   0.02212  0.005606   0.06367       189       320    0.7411    0.5137    0.5565    0.3165   0.03566   0.01658  0.007305
    62/149     3.23G   0.03654   0.02232  0.005712   0.06458       114       320    0.6151    0.5877    0.5649    0.3135   0.03641   0.01553  0.008269
    63/149     3.23G   0.03637   0.02163  0.005257   0.06325       129       320     0.717    0.5511    0.5621    0.3125   0.03496   0.01507  0.008778
    64/149     3.23G   0.03603   0.02196  0.005593   0.06358       102       320    0.6731    0.5509    0.5745    0.3106   0.03671   0.01541  0.008146
    65/149     3.23G    0.0368   0.02176  0.005627   0.06419       119       320    0.7217    0.5941    0.6199    0.3357    0.0365   0.01525  0.008384
    66/149     3.23G   0.03639   0.02222  0.005113   0.06372       129       320    0.7538    0.5369    0.5922    0.3195   0.03494   0.01506  0.008014
    67/149     3.23G   0.03609    0.0215  0.005304    0.0629       225       320    0.6803    0.5848     0.583    0.3266   0.03394    0.0151  0.006846
    68/149     3.23G   0.03535   0.02113  0.005052   0.06153       128       320    0.6422    0.5191    0.5306    0.3022   0.03435   0.01522   0.01228
    69/149     3.23G   0.03533   0.02121  0.005497   0.06204       129       320    0.6826    0.6142    0.6192    0.3437   0.03466   0.01505  0.006841
    70/149     3.23G   0.03581   0.02171  0.004568   0.06209       139       320    0.7089    0.5866    0.5919    0.3235   0.03495   0.01515  0.006975
    71/149     3.23G   0.03555   0.02215  0.004982   0.06268       193       320    0.7584    0.5931      0.64    0.3542   0.03355   0.01461  0.006656
    72/149     3.23G   0.03609    0.0219  0.005051   0.06304        77       320    0.7909    0.5756    0.6193    0.3551   0.03437   0.01486  0.007829
    73/149     3.23G   0.03601    0.0208  0.004818   0.06163        90       320    0.7478    0.5814    0.6309    0.3587   0.03356   0.01451  0.007697
    74/149     3.23G   0.03475   0.02091    0.0045   0.06016       111       320     0.822    0.5463    0.6284    0.3484   0.03354     0.015  0.007754
    75/149     3.23G   0.03408   0.02067  0.005172   0.05992       160       320    0.6817    0.5533     0.565    0.3235   0.03379   0.01502   0.01036
    76/149     3.23G   0.03464   0.02124   0.00451   0.06039       138       320    0.6677    0.5273    0.5335    0.3084   0.03602   0.01558  0.008572
    77/149     3.23G    0.0342   0.02123  0.004358   0.05979        83       320    0.8738    0.4061    0.4834    0.2793   0.03976   0.01768   0.01255
    78/149     3.23G   0.03432   0.02164  0.004333    0.0603       128       320    0.6341    0.4949    0.5106    0.2872   0.03594   0.01632  0.009187
    79/149     3.23G   0.03563   0.02167  0.005291   0.06259       115       320    0.7401    0.5791    0.6188    0.3596    0.0339   0.01451  0.006809
    80/149     3.23G   0.03424   0.02068  0.004445   0.05937       144       320    0.7724    0.5755    0.6299    0.3606   0.03356   0.01498  0.006582
    81/149     3.23G   0.03296   0.02046  0.004093   0.05751       140       320    0.7043    0.6465    0.6677    0.3746   0.03272   0.01475  0.006473
    82/149     3.23G   0.03329   0.02062  0.003938   0.05785       102       320    0.7555    0.6004     0.641    0.3724   0.03293   0.01435   0.00667
    83/149     3.23G   0.03369    0.0207  0.004141   0.05853       107       320    0.8121     0.602    0.6635    0.3652   0.03208   0.01388  0.006671
    84/149     3.23G   0.03453   0.02137  0.004731   0.06063        66       320    0.7061    0.5889    0.6083    0.3277    0.0346   0.01509  0.007259
    85/149     3.23G   0.03393    0.0211  0.003824   0.05885       135       320 3.242e-06 0.0002539 6.679e-08 6.679e-09    0.1349       nan       nan
    86/149     3.23G   0.03408   0.02071  0.004394   0.05919       123       320    0.6594     0.373    0.4385     0.245   0.04091   0.02396   0.01339
    87/149     3.23G   0.03457   0.02119  0.004378   0.06014       177       320    0.8292    0.6373    0.6841    0.3899   0.03294   0.01418  0.005355
    88/149     3.23G   0.03317   0.02015   0.00398   0.05731       107       320    0.8438    0.6207    0.6737    0.3755   0.03239   0.01487  0.007277
    89/149     3.23G   0.03308   0.02114  0.003649   0.05787       132       320    0.8142     0.591    0.6387    0.3673    0.0328   0.01428  0.007163
    90/149     3.23G   0.03348   0.02087  0.004727   0.05907       118       320    0.8067    0.5943    0.6496    0.3721   0.03367   0.01463  0.007171
    91/149     3.23G   0.03391    0.0209   0.00423   0.05904       161       320     0.836    0.6099    0.6546    0.3635   0.03321   0.01467  0.006647
    92/149     3.23G   0.03297   0.02048  0.003871   0.05733        76       320    0.7927    0.5801    0.6467     0.373   0.03264   0.01511  0.005999
    93/149     3.23G   0.03266   0.02108  0.004092   0.05783       115       320    0.7632    0.5806    0.6198    0.3497   0.03325    0.0145  0.007185
    94/149     3.23G   0.03343   0.02052   0.00418   0.05813       171       320    0.7347    0.6007    0.6333    0.3589   0.03307   0.01479  0.006576
    95/149     3.23G   0.03246   0.02055   0.00391   0.05692       126       320     0.857    0.5838    0.6673    0.3838   0.03189   0.01425  0.006666
    96/149     3.23G   0.03192   0.02018  0.003807   0.05591        74       320     0.627    0.6655    0.6465    0.3715   0.03268   0.01448  0.006382
    97/149     3.23G    0.0327   0.02013  0.004234   0.05706       133       320    0.7863    0.5763    0.6325    0.3677   0.03251   0.01461  0.006415
    98/149     3.23G   0.03348   0.02054  0.003621   0.05764       226       320    0.7602    0.6365    0.6773    0.3962   0.03249   0.01433  0.006737
    99/149     3.23G   0.03225   0.02025  0.003635   0.05613        87       320    0.8531    0.5961    0.6761    0.4012   0.03253   0.01421  0.006324
   100/149     3.23G   0.03126    0.0196  0.003699   0.05456        66       320    0.8642    0.5676    0.6642    0.3819    0.0326   0.01432  0.006472
   101/149     3.23G   0.03169   0.01997  0.003368   0.05502       149       320    0.6906    0.6219    0.6214    0.3491   0.03281   0.01481   0.00847
   102/149     3.23G   0.03166   0.02024  0.003924   0.05582       139       320    0.7638    0.5936    0.6422    0.3682   0.03319   0.01485  0.008168
   103/149     3.23G   0.03142   0.02006   0.00356   0.05504       135       320    0.8171    0.5563    0.6368    0.3741   0.03221   0.01451  0.007263
   104/149     3.23G   0.03244   0.01992  0.003495   0.05586       112       320    0.8512     0.514    0.5841    0.3438   0.03249   0.01429  0.008681
   105/149     3.23G   0.03104   0.01974  0.003687   0.05447       122       320    0.7747    0.6381    0.6755     0.389    0.0318   0.01448  0.005743
   106/149     3.23G   0.03082   0.01986  0.003295   0.05398       140       320    0.8084    0.5614    0.6285    0.3724   0.03168   0.01445  0.009035
   107/149     3.23G   0.03026   0.01927   0.00304   0.05257        83       320    0.7844    0.6294    0.6684    0.3787   0.03201   0.01416  0.006999
   108/149     3.23G   0.03049   0.01961  0.003167   0.05327       168       320    0.8326     0.599    0.6513    0.3863   0.03216   0.01428   0.00803
   109/149     3.23G   0.03066   0.01924  0.003359   0.05325       102       320    0.7868    0.6077    0.6503    0.3816   0.03166   0.01431  0.006591
   110/149     3.23G   0.03111   0.01878  0.003309    0.0532       168       320    0.8014    0.5986    0.6376    0.3687   0.03212   0.01438  0.008313
   111/149     3.23G   0.03035   0.01893  0.003177   0.05245       150       320    0.7563    0.5435    0.5943    0.3502   0.03191   0.01399  0.007593
   112/149     3.23G   0.02989   0.01933  0.003014   0.05224       137       320    0.7424    0.6447    0.6527    0.3785   0.03141   0.01399  0.006127
   113/149     3.23G   0.03034   0.01912  0.003184   0.05265       140       320    0.8042    0.5857    0.6469     0.379   0.03135    0.0142  0.006716
   114/149     3.23G   0.02993   0.01929  0.002999   0.05222       190       320    0.7982    0.6228    0.6647    0.3974   0.03195   0.01436  0.006183
   115/149     3.23G    0.0293   0.01866  0.002809   0.05077       103       320    0.7701    0.6539    0.6774    0.4001   0.03102   0.01421  0.006404
   116/149     3.23G   0.03001   0.01885  0.002788   0.05165       135       320    0.8166    0.5486     0.618    0.3673   0.03203   0.01459  0.008222
   117/149     3.23G   0.03019   0.01944  0.003113   0.05275       117       320    0.7842     0.641    0.6546    0.3877   0.03062   0.01402  0.006913
   118/149     3.23G   0.02888   0.01791  0.002981   0.04977       140       320    0.7429    0.6057    0.6346     0.377   0.03108   0.01405  0.008097
   119/149     3.23G   0.02932   0.01836  0.002827   0.05051       120       320    0.8468    0.5802    0.6465    0.3824   0.03086   0.01432  0.007637
   120/149     3.23G   0.02975   0.01852  0.002627   0.05089       116       320    0.8154    0.6392    0.6854    0.3997   0.03112   0.01449  0.005674
   121/149     3.23G   0.02855   0.01829  0.002815   0.04965        66       320    0.8134    0.6158    0.6704    0.4061   0.03089   0.01394  0.006333
   122/149     3.23G   0.02919   0.01839  0.002915   0.05049       122       320    0.7846    0.5939    0.6265    0.3698   0.03105    0.0146  0.008012
   123/149     3.23G   0.02927   0.01828  0.002651    0.0502       109       320    0.8425    0.5727    0.6443    0.3858   0.03107     0.014  0.006916
   124/149     3.23G   0.02898   0.01899  0.002766   0.05074       150       320     0.806    0.6205    0.6532    0.3858   0.03125   0.01435  0.007616
   125/149     3.23G   0.02859   0.01808  0.002769   0.04943       117       320    0.8114    0.6383    0.6656    0.3871    0.0316   0.01461  0.006774
   126/149     3.23G   0.02909   0.01805  0.002835   0.04997       131       320    0.8002    0.6608    0.6921    0.4159   0.03019   0.01411   0.00545
   127/149     3.23G    0.0284   0.01742  0.002606   0.04842       186       320    0.7314    0.5624    0.6176    0.3764   0.03091   0.01421  0.009936
   128/149     3.23G   0.02855   0.01817  0.002592   0.04931       121       320    0.7167    0.6796    0.6855    0.3912   0.03191   0.01415  0.005953
   129/149     3.23G   0.02793   0.01815  0.002537   0.04862        66       320    0.8139    0.6277    0.6796     0.401   0.03143   0.01442  0.005932
   130/149     3.23G   0.02823   0.01779  0.002792   0.04882       118       320    0.8213    0.6167    0.6808    0.3937   0.03063   0.01408   0.00674
   131/149     3.23G   0.02789   0.01776  0.002622   0.04826       109       320    0.8327    0.6224    0.6526    0.3886   0.03074   0.01457  0.006639
   132/149     3.23G   0.02794   0.01734  0.002412    0.0477        62       320     0.795     0.607    0.6557    0.3872   0.03145   0.01421  0.006778
   133/149     3.23G   0.02829   0.01818  0.002515   0.04898        84       320    0.8173    0.5541    0.6137    0.3567    0.0312   0.01451  0.008588
   134/149     3.23G   0.02775   0.01795  0.002554   0.04826       105       320    0.8002     0.613    0.6613    0.3987    0.0309   0.01456  0.007357
   135/149     3.23G   0.02732   0.01755  0.002348   0.04722       138       320    0.7452    0.6354    0.6526    0.3882    0.0328   0.01489  0.006717
   136/149     3.23G   0.02754   0.01731  0.002576   0.04743        79       320    0.7349     0.653    0.6737    0.4161   0.03096   0.01426  0.006393
   137/149     3.23G    0.0283   0.01768  0.002434   0.04841       104       320    0.8288    0.6377    0.6794     0.414   0.03048    0.0143  0.006982
   138/149     3.23G   0.02762   0.01742  0.002511   0.04755       135       320    0.8075    0.5965    0.6511    0.3812   0.03079   0.01436  0.008149
   139/149     3.23G   0.02717   0.01736  0.002309   0.04684       163       320    0.7695    0.6421    0.6776    0.3953   0.03132   0.01421  0.007396
   140/149     3.23G    0.0283   0.01887  0.002811   0.04998       206       320    0.7695    0.6348    0.6764    0.4073    0.0306    0.0142  0.006637
   141/149     3.23G   0.02763   0.01797  0.002822   0.04842       151       320    0.8106     0.649    0.6819    0.4084   0.03103   0.01386  0.006081
   142/149     3.23G   0.02738   0.01737  0.003026   0.04777       106       320    0.8523    0.5873    0.6703    0.3975   0.03074   0.01411  0.006845
   143/149     3.23G   0.02711   0.01753  0.002503   0.04714       133       320     0.751    0.6575    0.6802    0.4055   0.03083   0.01418  0.006204
   144/149     3.23G   0.02706   0.01794  0.002265   0.04726       156       320    0.8149    0.6424    0.6823     0.405   0.03079   0.01437  0.006756
   145/149     3.23G   0.02738   0.01793  0.002172   0.04749       102       320    0.8016    0.6132    0.6613     0.404   0.03006   0.01388  0.006692
   146/149     3.23G   0.02664   0.01721  0.002173   0.04602       140       320    0.8719    0.6251    0.6932    0.4159    0.0304   0.01384  0.006314
   147/149     3.23G   0.02748   0.01779  0.002123   0.04739       140       320    0.8115    0.6175    0.6874    0.4086   0.03041   0.01386    0.0064
   148/149     3.23G   0.02687   0.01709  0.002685   0.04664       162       320    0.8177    0.6538    0.6819    0.4081   0.03017   0.01393  0.006193
   149/149     3.23G   0.02686   0.01725   0.00239    0.0465       150       320    0.8708    0.6152     0.678    0.4133   0.03031   0.01391  0.006878
