1 0.08333333333333333 0.23166666666666666 0.045 0.06666666666666667
1 0.18666666666666668 0.115 0.03333333333333333 0.04833333333333333
1 0.25333333333333335 0.2816666666666667 0.043333333333333335 0.06
1 0.36833333333333335 0.08666666666666667 0.03333333333333333 0.045
1 0.41333333333333333 0.145 0.04 0.06333333333333334
1 0.5166666666666667 0.35333333333333333 0.05333333333333334 0.08666666666666667
1 0.4533333333333333 0.08 0.03666666666666667 0.056666666666666664
1 0.5166666666666667 0.09 0.035 0.051666666666666666
1 0.6166666666666667 0.2633333333333333 0.045 0.07166666666666667
1 0.605 0.20666666666666667 0.035 0.051666666666666666
2 0.42 0.075 0.025 0.03
2 0.5916666666666667 0.1 0.023333333333333334 0.041666666666666664
1 0.5966666666666667 0.04 0.025 0.03333333333333333
1 0.6633333333333333 0.13333333333333333 0.03333333333333333 0.041666666666666664
2 0.6266666666666667 0.021666666666666667 0.025 0.03666666666666667
0 0.695 0.075 0.025 0.045
1 0.7466666666666667 0.055 0.03 0.04833333333333333
1 0.7666666666666667 0.058333333333333334 0.013333333333333334 0.03333333333333333
2 0.725 0.05 0.02 0.03333333333333333
2 0.88 0.056666666666666664 0.03 0.03666666666666667
1 0.9533333333333334 0.09666666666666666 0.03 0.045