1 0.17666666666666667 0.2833333333333333 0.02 0.04
2 0.2833333333333333 0.29333333333333333 0.025 0.051666666666666666
2 0.34 0.2866666666666667 0.03 0.051666666666666666
1 0.38666666666666666 0.33 0.04 0.06833333333333333
1 0.475 0.28 0.045 0.08833333333333333
2 0.48833333333333334 0.3016666666666667 0.016666666666666666 0.051666666666666666
1 0.54 0.30666666666666664 0.04 0.07666666666666666
2 0.5733333333333334 0.3383333333333333 0.02 0.043333333333333335
1 0.6016666666666667 0.3433333333333333 0.03666666666666667 0.06333333333333334
1 0.7316666666666667 0.35833333333333334 0.043333333333333335 0.06833333333333333
2 0.9233333333333333 0.29833333333333334 0.015 0.07666666666666666