1 0.06833333333333333 0.9166666666666666 0.10666666666666667 0.16
1 0.19333333333333333 0.795 0.07 0.11333333333333333
1 0.30333333333333334 0.74 0.13 0.23
1 0.49333333333333335 0.6133333333333333 0.07666666666666666 0.16333333333333333
1 0.32 0.24 0.045 0.075
1 0.3983333333333333 0.11166666666666666 0.03666666666666667 0.058333333333333334
1 0.42333333333333334 0.24666666666666667 0.035 0.07
1 0.49666666666666665 0.13833333333333334 0.03 0.043333333333333335
1 0.5916666666666667 0.15166666666666667 0.03666666666666667 0.06333333333333334
1 0.5633333333333334 0.37333333333333335 0.03666666666666667 0.06666666666666667
1 0.6916666666666667 0.56 0.10333333333333333 0.16
1 0.755 0.19166666666666668 0.035 0.055
2 0.8466666666666667 0.3416666666666667 0.03666666666666667 0.058333333333333334
2 0.6633333333333333 0.2 0.03666666666666667 0.06333333333333334
2 0.44666666666666666 0.455 0.04666666666666667 0.075