1 0.265 0.10333333333333333 0.025 0.06333333333333334
1 0.235 0.14666666666666667 0.04 0.06833333333333333
1 0.16333333333333333 0.6316666666666667 0.08 0.14
1 0.33666666666666667 0.52 0.06333333333333334 0.12666666666666668
1 0.4166666666666667 0.31 0.055 0.11333333333333333
1 0.4 0.03166666666666667 0.02 0.03666666666666667
1 0.45666666666666667 0.05 0.016666666666666666 0.045
1 0.555 0.08 0.03 0.05
1 0.5416666666666666 0.24833333333333332 0.05333333333333334 0.10833333333333334
1 0.5683333333333334 0.42333333333333334 0.06333333333333334 0.12166666666666667
1 0.6516666666666666 0.245 0.056666666666666664 0.10833333333333334
2 0.7466666666666667 0.125 0.03 0.058333333333333334
1 0.81 0.15666666666666668 0.035 0.07666666666666666
1 0.7866666666666666 0.045 0.02666666666666667 0.055
1 0.85 0.03833333333333333 0.035 0.058333333333333334
1 0.8983333333333333 0.06333333333333334 0.03333333333333333 0.045