1 0.045 0.265 0.05 0.09666666666666666
1 0.10666666666666667 0.245 0.06 0.09666666666666666
1 0.275 0.14666666666666667 0.045 0.09166666666666666
1 0.23666666666666666 0.3416666666666667 0.045 0.105
1 0.315 0.3 0.05 0.1
1 0.39666666666666667 0.31 0.056666666666666664 0.105
1 0.44666666666666666 0.23166666666666666 0.056666666666666664 0.09166666666666666
1 0.5116666666666667 0.2833333333333333 0.056666666666666664 0.1
1 0.57 0.24833333333333332 0.06 0.105
1 0.6933333333333334 0.27666666666666667 0.05 0.08833333333333333
1 0.7466666666666667 0.285 0.043333333333333335 0.105
1 0.8366666666666667 0.24833333333333332 0.065 0.11166666666666666
1 0.9433333333333334 0.23666666666666666 0.06 0.105
1 0.3416666666666667 0.19666666666666666 0.05333333333333334 0.08833333333333333
1 0.9866666666666667 0.38333333333333336 0.02 0.085