1 0.06666666666666667 0.595 0.03333333333333333 0.06
1 0.15333333333333332 0.54 0.016666666666666666 0.03666666666666667
1 0.19333333333333333 0.6233333333333333 0.035 0.04833333333333333
1 0.30333333333333334 0.505 0.05 0.09
1 0.42833333333333334 0.595 0.03666666666666667 0.08166666666666667
1 0.5833333333333334 0.5566666666666666 0.03333333333333333 0.056666666666666664
1 0.6166666666666667 0.535 0.016666666666666666 0.03
2 0.655 0.5366666666666666 0.015 0.02666666666666667
1 0.7366666666666667 0.5933333333333334 0.035 0.04833333333333333
0 0.885 0.53 0.045 0.07833333333333334
1 0.7733333333333333 0.5283333333333333 0.015 0.021666666666666667