1 0.043333333333333335 0.31666666666666665 0.06 0.08666666666666667
1 0.05 0.4633333333333333 0.065 0.08666666666666667
1 0.155 0.37333333333333335 0.085 0.15333333333333332
1 0.24666666666666667 0.3933333333333333 0.05 0.08166666666666667
1 0.5066666666666667 0.18 0.07333333333333333 0.12
1 0.825 0.3233333333333333 0.105 0.16833333333333333
1 0.9083333333333333 0.45 0.04666666666666667 0.08166666666666667
1 0.7033333333333334 0.4483333333333333 0.05333333333333334 0.06333333333333334
1 0.76 0.43333333333333335 0.035 0.056666666666666664
1 0.25333333333333335 0.3016666666666667 0.05 0.07166666666666667
1 0.9283333333333333 0.36833333333333335 0.03666666666666667 0.056666666666666664
1 0.945 0.47833333333333333 0.03 0.06333333333333334
1 0.5566666666666666 0.25166666666666665 0.03333333333333333 0.09