1 0.065 0.7016666666666667 0.12 0.30333333333333334
2 0.42333333333333334 0.06166666666666667 0.04 0.06666666666666667
1 0.32 0.056666666666666664 0.06 0.07
1 0.05333333333333334 0.02 0.055 0.04
1 0.25666666666666665 0.17166666666666666 0.05333333333333334 0.08
1 0.345 0.18333333333333332 0.07 0.10333333333333333
2 0.5866666666666667 0.20666666666666667 0.04 0.07
2 0.55 0.26166666666666666 0.06 0.085
1 0.6866666666666666 0.14333333333333334 0.056666666666666664 0.095
1 0.825 0.19333333333333333 0.045 0.08
1 0.7766666666666666 0.47833333333333333 0.08333333333333333 0.10666666666666667
1 0.9316666666666666 0.35333333333333333 0.06333333333333334 0.085
1 0.495 0.415 0.07 0.11333333333333333