1 0.535 0.4216666666666667 0.04 0.05
1 0.7816666666666666 0.4816666666666667 0.03666666666666667 0.043333333333333335
2 0.875 0.49 0.04 0.04666666666666667
2 0.7166666666666667 0.445 0.03666666666666667 0.043333333333333335
2 0.655 0.41 0.035 0.04
2 0.4683333333333333 0.415 0.03333333333333333 0.05
2 0.365 0.4066666666666667 0.04 0.04666666666666667
2 0.44166666666666665 0.3933333333333333 0.03333333333333333 0.04
0 0.19833333333333333 0.40166666666666667 0.043333333333333335 0.05
0 0.2816666666666667 0.40166666666666667 0.03333333333333333 0.05
0 0.24833333333333332 0.5566666666666666 0.03333333333333333 0.04666666666666667
0 0.615 0.42833333333333334 0.04 0.05
1 0.07 0.43833333333333335 0.02 0.03
2 0.8416666666666667 0.45666666666666667 0.023333333333333334 0.02666666666666667