0 0.11666666666666667 0.43833333333333335 0.14 0.25666666666666665
1 0.43166666666666664 0.6266666666666667 0.11666666666666667 0.25166666666666665
1 0.5366666666666666 0.75 0.07333333333333333 0.19
1 0.6633333333333333 0.7883333333333333 0.125 0.23
1 0.815 0.715 0.09 0.19833333333333333
1 0.6533333333333333 0.36333333333333334 0.06333333333333334 0.14166666666666666
1 0.72 0.32 0.065 0.12
1 0.51 0.26166666666666666 0.045 0.10666666666666667
1 0.5566666666666666 0.19833333333333333 0.05 0.09666666666666666
1 0.475 0.33166666666666667 0.065 0.09666666666666666
1 0.5966666666666667 0.07666666666666666 0.04 0.06666666666666667
1 0.6816666666666666 0.051666666666666666 0.03666666666666667 0.058333333333333334
1 0.5333333333333333 0.06166666666666667 0.03666666666666667 0.06166666666666667