1 0.08333333333333333 0.31333333333333335 0.05 0.10166666666666667
1 0.165 0.37333333333333335 0.045 0.08833333333333333
1 0.35 0.34833333333333333 0.055 0.11166666666666666
1 0.4033333333333333 0.325 0.043333333333333335 0.08
1 0.45166666666666666 0.56 0.05333333333333334 0.09833333333333333
1 0.525 0.31166666666666665 0.03 0.08
1 0.56 0.32166666666666666 0.045 0.09333333333333334
1 0.6116666666666667 0.355 0.043333333333333335 0.08
1 0.6483333333333333 0.39166666666666666 0.043333333333333335 0.08833333333333333
1 0.7116666666666667 0.41333333333333333 0.056666666666666664 0.10666666666666667
1 0.765 0.3 0.035 0.075
2 0.8066666666666666 0.3 0.03666666666666667 0.06666666666666667
1 0.8816666666666667 0.28 0.043333333333333335 0.08833333333333333
1 0.9366666666666666 0.3016666666666667 0.05 0.09833333333333333
1 0.2966666666666667 0.2783333333333333 0.035 0.075
1 0.475 0.32166666666666666 0.035 0.06666666666666667
1 0.36666666666666664 0.2783333333333333 0.03666666666666667 0.06666666666666667
1 0.8366666666666667 0.29833333333333334 0.025 0.05333333333333334