1 0.041666666666666664 0.9466666666666667 0.07333333333333333 0.08833333333333333
1 0.12 0.85 0.07 0.13333333333333333
0 0.165 0.7633333333333333 0.055 0.12
2 0.09333333333333334 0.475 0.05 0.09333333333333334
1 0.2633333333333333 0.49833333333333335 0.05 0.11
1 0.25833333333333336 0.21833333333333332 0.056666666666666664 0.09333333333333334
1 0.08333333333333333 0.3233333333333333 0.045 0.10666666666666667
1 0.021666666666666667 0.2783333333333333 0.03333333333333333 0.08833333333333333
1 0.5616666666666666 0.9 0.07333333333333333 0.12833333333333333
1 0.5166666666666667 0.805 0.065 0.09666666666666666
1 0.49666666666666665 0.4116666666666667 0.06 0.10666666666666667
1 0.4816666666666667 0.21833333333333332 0.06333333333333334 0.09333333333333334
1 0.4866666666666667 0.06333333333333334 0.056666666666666664 0.075
1 0.66 0.21833333333333332 0.055 0.11
1 0.64 0.485 0.055 0.10166666666666667
1 0.7466666666666667 0.21666666666666667 0.06 0.115
1 0.8216666666666667 0.13666666666666666 0.056666666666666664 0.08833333333333333
1 0.8933333333333333 0.31666666666666665 0.06666666666666667 0.10166666666666667
1 0.9333333333333333 0.68 0.065 0.10166666666666667