1 0.021666666666666667 0.245 0.03333333333333333 0.06666666666666667
1 0.13333333333333333 0.10833333333333334 0.06 0.12833333333333333
1 0.25833333333333336 0.3233333333333333 0.023333333333333334 0.07
0 0.37166666666666665 0.325 0.02666666666666667 0.058333333333333334
1 0.4066666666666667 0.14833333333333334 0.03333333333333333 0.09333333333333334
1 0.515 0.16666666666666666 0.025 0.08333333333333333
1 0.5033333333333333 0.22833333333333333 0.02666666666666667 0.06666666666666667
1 0.655 0.225 0.035 0.07
1 0.7033333333333334 0.235 0.03333333333333333 0.07
1 0.7683333333333333 0.2966666666666667 0.016666666666666666 0.045
1 0.8166666666666667 0.24333333333333335 0.03666666666666667 0.07
1 0.89 0.27 0.03 0.06166666666666667
1 0.925 0.27166666666666667 0.025 0.06666666666666667