2 0.03666666666666667 0.22833333333333333 0.043333333333333335 0.075
1 0.09666666666666666 0.2816666666666667 0.06666666666666667 0.135
1 0.15666666666666668 0.275 0.03 0.041666666666666664
1 0.30333333333333334 0.23166666666666666 0.055 0.09666666666666666
1 0.35 0.2683333333333333 0.035 0.07166666666666667
1 0.5316666666666666 0.29 0.03666666666666667 0.07166666666666667
2 0.5816666666666667 0.24333333333333335 0.03666666666666667 0.075
1 0.6266666666666667 0.315 0.043333333333333335 0.075
1 0.7916666666666666 0.34 0.05333333333333334 0.09
2 0.3983333333333333 0.355 0.02666666666666667 0.03666666666666667
1 0.945 0.22833333333333333 0.02 0.03
1 0.705 0.23666666666666666 0.025 0.045