0 0.12333333333333334 0.5316666666666666 0.135 0.21666666666666667
1 0.43166666666666664 0.685 0.13333333333333333 0.20166666666666666
1 0.5366666666666666 0.7916666666666666 0.07333333333333333 0.16166666666666665
1 0.6666666666666666 0.8183333333333334 0.125 0.20666666666666667
1 0.8166666666666667 0.7566666666666667 0.09333333333333334 0.15666666666666668
1 0.6533333333333333 0.46 0.06666666666666667 0.12
1 0.72 0.4216666666666667 0.07 0.10833333333333334
1 0.5083333333333333 0.37666666666666665 0.04666666666666667 0.08666666666666667
1 0.5616666666666666 0.3233333333333333 0.056666666666666664 0.08666666666666667
1 0.5966666666666667 0.215 0.03666666666666667 0.06333333333333334
1 0.6816666666666666 0.195 0.03666666666666667 0.06
1 0.5333333333333333 0.20166666666666666 0.03666666666666667 0.06
1 0.58 0.15333333333333332 0.03 0.045
1 0.6466666666666666 0.14166666666666666 0.035 0.045
1 0.74 0.13166666666666665 0.035 0.03666666666666667
1 0.915 0.13166666666666665 0.025 0.03