1 0.39666666666666667 0.25166666666666665 0.07 0.12833333333333333
1 0.5383333333333333 0.3933333333333333 0.056666666666666664 0.11166666666666666
1 0.28833333333333333 0.8866666666666667 0.13333333333333333 0.21833333333333332
1 0.5366666666666666 0.9316666666666666 0.12333333333333334 0.12833333333333333
1 0.8383333333333334 0.2 0.056666666666666664 0.10666666666666667
1 0.645 0.15333333333333332 0.065 0.10166666666666667
1 0.725 0.15833333333333333 0.06 0.12833333333333333
1 0.5133333333333333 0.25166666666666665 0.065 0.12833333333333333
1 0.5266666666666666 0.04666666666666667 0.025 0.075
1 0.4066666666666667 0.08666666666666667 0.045 0.085
1 0.27 0.03166666666666667 0.03 0.06166666666666667
1 0.15666666666666668 0.08666666666666667 0.045 0.075
1 0.05 0.12166666666666667 0.05 0.06666666666666667
1 0.205 0.05333333333333334 0.03 0.06166666666666667
1 0.7866666666666666 0.04 0.04 0.08
2 0.22833333333333333 0.12 0.03666666666666667 0.08