1 0.3466666666666667 0.7766666666666666 0.11333333333333333 0.20833333333333334
1 0.5283333333333333 0.13 0.043333333333333335 0.09333333333333334
2 0.7333333333333333 0.12166666666666667 0.06333333333333334 0.10166666666666667
1 0.6316666666666667 0.37666666666666665 0.05333333333333334 0.10666666666666667
2 0.2816666666666667 0.06166666666666667 0.016666666666666666 0.035
2 0.3333333333333333 0.075 0.016666666666666666 0.035
2 0.42333333333333334 0.04666666666666667 0.02 0.03166666666666667
1 0.8166666666666667 0.18333333333333332 0.02666666666666667 0.04
1 0.6816666666666666 0.06166666666666667 0.023333333333333334 0.045
2 0.5883333333333334 0.045 0.016666666666666666 0.045
2 0.6166666666666667 0.013333333333333334 0.013333333333333334 0.02666666666666667
1 0.37166666666666665 0.11333333333333333 0.023333333333333334 0.04833333333333333
1 0.36833333333333335 0.18 0.03666666666666667 0.10166666666666667