2 0.058333333333333334 0.4816666666666667 0.09333333333333334 0.13833333333333334
2 0.08666666666666667 0.12 0.06666666666666667 0.09666666666666666
1 0.145 0.08833333333333333 0.055 0.09333333333333334
1 0.30833333333333335 0.043333333333333335 0.056666666666666664 0.08666666666666667
2 0.22666666666666666 0.115 0.07 0.10833333333333334
2 0.2633333333333333 0.2816666666666667 0.045 0.075
2 0.215 0.475 0.085 0.12666666666666668
2 0.15666666666666668 0.6383333333333333 0.10666666666666667 0.10833333333333334
1 0.21 0.875 0.13 0.22166666666666668
2 0.3566666666666667 0.6566666666666666 0.14 0.16166666666666665
2 0.3233333333333333 0.37666666666666665 0.09333333333333334 0.12333333333333334
2 0.3433333333333333 0.135 0.07333333333333333 0.075
2 0.43666666666666665 0.15 0.065 0.09
1 0.49833333333333335 0.11166666666666666 0.07333333333333333 0.09666666666666666
1 0.4866666666666667 0.34833333333333333 0.09 0.12666666666666668
2 0.5683333333333334 0.26 0.06333333333333334 0.10166666666666667
2 0.6283333333333333 0.11 0.07666666666666666 0.11666666666666667
2 0.7333333333333333 0.10666666666666667 0.06666666666666667 0.07833333333333334
2 0.7433333333333333 0.26666666666666666 0.06333333333333334 0.09
1 0.68 0.425 0.1 0.15333333333333332
2 0.6333333333333333 0.6633333333333333 0.09333333333333334 0.12666666666666668
1 0.7533333333333333 0.7933333333333333 0.1 0.14166666666666666
1 0.8266666666666667 0.49666666666666665 0.09 0.13833333333333334
2 0.865 0.145 0.06 0.09333333333333334
2 0.9733333333333334 0.08833333333333333 0.04666666666666667 0.07833333333333334
1 0.9233333333333333 0.315 0.07333333333333333 0.09666666666666666