2 0.13 0.9066666666666666 0.045 0.065
2 0.02666666666666667 0.6733333333333333 0.04 0.065
2 0.14833333333333334 0.6816666666666666 0.03666666666666667 0.065
2 0.043333333333333335 0.5716666666666667 0.035 0.056666666666666664
2 0.16333333333333333 0.53 0.043333333333333335 0.065
2 0.056666666666666664 0.435 0.03666666666666667 0.06166666666666667
2 0.16333333333333333 0.43666666666666665 0.035 0.04
2 0.20166666666666666 0.38333333333333336 0.03333333333333333 0.04833333333333333
2 0.06333333333333334 0.28833333333333333 0.03333333333333333 0.05333333333333334
2 0.09666666666666666 0.23833333333333334 0.02666666666666667 0.03666666666666667
2 0.21 0.25666666666666665 0.035 0.056666666666666664
2 0.11666666666666667 0.115 0.03 0.04833333333333333
2 0.20666666666666667 0.13 0.035 0.056666666666666664
2 0.22666666666666666 0.06333333333333334 0.03333333333333333 0.045
2 0.3933333333333333 0.12166666666666667 0.016666666666666666 0.04
1 0.47 0.10833333333333334 0.02 0.045
1 0.5166666666666667 0.09333333333333334 0.023333333333333334 0.04
2 0.4533333333333333 0.14 0.03 0.045
2 0.45666666666666667 0.19833333333333333 0.02666666666666667 0.045
1 0.43666666666666665 0.29833333333333334 0.02666666666666667 0.04
2 0.47333333333333333 0.34833333333333333 0.02 0.045
2 0.45166666666666666 0.4 0.023333333333333334 0.04833333333333333
2 0.455 0.48833333333333334 0.03 0.05333333333333334
2 0.43166666666666664 0.58 0.03666666666666667 0.056666666666666664
2 0.4666666666666667 0.655 0.03333333333333333 0.045
2 0.475 0.8366666666666667 0.035 0.04
2 0.49166666666666664 0.9283333333333333 0.043333333333333335 0.07
2 0.46 0.9116666666666666 0.015 0.045
1 0.5216666666666666 0.44 0.03333333333333333 0.04833333333333333
2 0.5533333333333333 0.48333333333333334 0.035 0.06166666666666667
2 0.56 0.39 0.035 0.05333333333333334
2 0.5333333333333333 0.38333333333333336 0.025 0.04833333333333333
2 0.5233333333333333 0.20666666666666667 0.016666666666666666 0.03666666666666667
2 0.545 0.22833333333333333 0.03 0.04833333333333333
2 0.58 0.10833333333333334 0.025 0.045
2 0.5866666666666667 0.24833333333333332 0.03 0.04833333333333333
2 0.635 0.23833333333333334 0.025 0.03666666666666667
2 0.6366666666666667 0.3466666666666667 0.03333333333333333 0.04833333333333333
2 0.615 0.5216666666666666 0.03 0.04
2 0.5616666666666666 0.67 0.02666666666666667 0.056666666666666664
2 0.5966666666666667 0.7183333333333334 0.035 0.056666666666666664
2 0.6416666666666667 0.715 0.03333333333333333 0.056666666666666664
2 0.6466666666666666 0.5466666666666666 0.035 0.056666666666666664
2 0.6366666666666667 0.9383333333333334 0.03 0.056666666666666664
2 0.6166666666666667 0.15166666666666667 0.02666666666666667 0.04
2 0.6566666666666666 0.12166666666666667 0.016666666666666666 0.04
2 0.6466666666666666 0.07 0.023333333333333334 0.03333333333333333
2 0.7133333333333334 0.09666666666666666 0.023333333333333334 0.03666666666666667
2 0.6866666666666666 0.12833333333333333 0.025 0.028333333333333332
2 0.7166666666666667 0.17333333333333334 0.03 0.03666666666666667
2 0.705 0.2733333333333333 0.035 0.04
2 0.7283333333333334 0.25166666666666665 0.013333333333333334 0.045
2 0.6983333333333334 0.37166666666666665 0.03333333333333333 0.04
2 0.7283333333333334 0.41833333333333333 0.03333333333333333 0.05333333333333334
2 0.7533333333333333 0.4266666666666667 0.016666666666666666 0.045
2 0.7416666666666667 0.5283333333333333 0.03333333333333333 0.05333333333333334
2 0.7333333333333333 0.6666666666666666 0.03666666666666667 0.045
2 0.7666666666666667 0.8016666666666666 0.035 0.05333333333333334
2 0.7833333333333333 0.8733333333333333 0.023333333333333334 0.03333333333333333
2 0.8 0.965 0.035 0.05333333333333334
2 0.7583333333333333 0.1 0.016666666666666666 0.028333333333333332