1 0.016666666666666666 0.515 0.023333333333333334 0.045
1 0.075 0.805 0.02 0.035
1 0.07333333333333333 0.49333333333333335 0.025 0.045
1 0.13666666666666666 0.5016666666666667 0.025 0.05333333333333334
2 0.11666666666666667 0.6283333333333333 0.025 0.04833333333333333
2 0.165 0.7116666666666667 0.02 0.045
1 0.13333333333333333 0.37333333333333335 0.025 0.045
1 0.18333333333333332 0.38166666666666665 0.013333333333333334 0.045
2 0.14666666666666667 0.2683333333333333 0.023333333333333334 0.04
1 0.09166666666666666 0.15333333333333332 0.016666666666666666 0.04
1 0.2733333333333333 0.6866666666666666 0.03 0.058333333333333334
1 0.3383333333333333 0.895 0.03333333333333333 0.058333333333333334
1 0.30333333333333334 0.6216666666666667 0.025 0.05333333333333334
2 0.2966666666666667 0.4816666666666667 0.02 0.04
1 0.275 0.41333333333333333 0.02 0.045
1 0.37333333333333335 0.48833333333333334 0.02 0.045
1 0.3933333333333333 0.6983333333333334 0.03 0.05333333333333334
1 0.42833333333333334 0.8133333333333334 0.02666666666666667 0.06166666666666667
1 0.39666666666666667 0.8 0.03 0.06166666666666667
1 0.4816666666666667 0.915 0.016666666666666666 0.045
1 0.49166666666666664 0.655 0.02666666666666667 0.058333333333333334
1 0.47333333333333333 0.605 0.03333333333333333 0.035
1 0.45166666666666666 0.4533333333333333 0.02666666666666667 0.045
1 0.35833333333333334 0.37333333333333335 0.02666666666666667 0.045
1 0.23166666666666666 0.26 0.023333333333333334 0.03166666666666667
2 0.22 0.22 0.02 0.04
2 0.27666666666666667 0.27166666666666667 0.025 0.045
2 0.31333333333333335 0.245 0.02 0.035
1 0.38166666666666665 0.2733333333333333 0.023333333333333334 0.04
1 0.36 0.20666666666666667 0.025 0.04
1 0.27666666666666667 0.08 0.016666666666666666 0.035
1 0.31333333333333335 0.04833333333333333 0.015 0.035
1 0.3383333333333333 0.165 0.016666666666666666 0.035
1 0.415 0.15833333333333333 0.02 0.03166666666666667
1 0.25333333333333335 0.205 0.016666666666666666 0.035
1 0.43666666666666665 0.375 0.025 0.04
1 0.47333333333333333 0.31833333333333336 0.023333333333333334 0.04833333333333333
1 0.5066666666666667 0.365 0.023333333333333334 0.045
1 0.5166666666666667 0.4816666666666667 0.02 0.04
1 0.6316666666666667 0.8783333333333333 0.03333333333333333 0.058333333333333334
1 0.675 0.9666666666666667 0.035 0.058333333333333334
1 0.6233333333333333 0.5716666666666667 0.025 0.04
1 0.63 0.405 0.025 0.035
1 0.5616666666666666 0.38166666666666665 0.023333333333333334 0.045
1 0.58 0.3466666666666667 0.02 0.035
1 0.5866666666666667 0.28 0.016666666666666666 0.035
1 0.53 0.205 0.02 0.035
1 0.33 0.016666666666666666 0.02 0.03333333333333333
2 0.41833333333333333 0.04666666666666667 0.013333333333333334 0.03166666666666667
1 0.45 0.03166666666666667 0.02 0.035
1 0.5183333333333333 0.075 0.016666666666666666 0.035
1 0.5633333333333334 0.028333333333333332 0.015 0.03166666666666667
1 0.6516666666666666 0.13833333333333334 0.016666666666666666 0.035
2 0.6733333333333333 0.11166666666666666 0.016666666666666666 0.02666666666666667
1 0.6633333333333333 0.2816666666666667 0.02 0.03166666666666667
1 0.7 0.3933333333333333 0.02 0.04
1 0.73 0.6133333333333333 0.03 0.05333333333333334
1 0.7266666666666667 0.445 0.023333333333333334 0.045
1 0.75 0.49333333333333335 0.025 0.045
1 0.7633333333333333 0.41833333333333333 0.023333333333333334 0.045
1 0.7583333333333333 0.5866666666666667 0.023333333333333334 0.045
1 0.7066666666666667 0.07333333333333333 0.015 0.03166666666666667
1 0.67 0.016666666666666666 0.02 0.03333333333333333
1 0.735 0.016666666666666666 0.016666666666666666 0.03333333333333333
1 0.7683333333333333 0.03333333333333333 0.013333333333333334 0.03166666666666667
2 0.77 0.07833333333333334 0.015 0.03166666666666667
2 0.7433333333333333 0.15833333333333333 0.015 0.03166666666666667
1 0.81 0.20666666666666667 0.02 0.04
1 0.8633333333333333 0.11333333333333333 0.016666666666666666 0.03166666666666667
2 0.875 0.013333333333333334 0.015 0.02666666666666667
1 0.9083333333333333 0.10833333333333334 0.016666666666666666 0.03166666666666667
1 0.895 0.18166666666666667 0.02 0.035
1 0.8883333333333333 0.26 0.023333333333333334 0.04
1 0.8566666666666667 0.2916666666666667 0.016666666666666666 0.04
1 0.91 0.30833333333333335 0.02 0.04
1 0.9516666666666667 0.24833333333333332 0.013333333333333334 0.02666666666666667
1 0.9233333333333333 0.37833333333333335 0.025 0.045
1 0.955 0.455 0.025 0.04
1 0.9666666666666667 0.30666666666666664 0.02 0.045
1 0.8566666666666667 0.075 0.015 0.02666666666666667
1 0.9866666666666667 0.675 0.02 0.05333333333333334
1 0.9866666666666667 0.585 0.023333333333333334 0.04833333333333333
1 0.9383333333333334 0.5116666666666667 0.023333333333333334 0.035