1 0.12666666666666668 0.20666666666666667 0.04 0.07166666666666667
1 0.245 0.22 0.05 0.075
1 0.33666666666666667 0.24 0.04 0.056666666666666664
1 0.43166666666666664 0.12333333333333334 0.056666666666666664 0.09666666666666666
1 0.4866666666666667 0.17 0.03333333333333333 0.04833333333333333
1 0.56 0.17833333333333334 0.05 0.075
1 0.63 0.37 0.045 0.075
1 0.685 0.15333333333333332 0.05 0.075
1 0.7683333333333333 0.21 0.04666666666666667 0.07833333333333334
1 0.8366666666666667 0.23 0.03333333333333333 0.056666666666666664
1 0.8783333333333333 0.23166666666666666 0.043333333333333335 0.06
1 0.9033333333333333 0.18166666666666667 0.025 0.041666666666666664
1 0.9733333333333334 0.15666666666666668 0.05 0.08166666666666667