1 0.19333333333333333 0.445 0.07666666666666666 0.14666666666666667
2 0.39 0.61 0.14 0.2916666666666667
1 0.09 0.3383333333333333 0.06 0.12
0 0.165 0.175 0.045 0.10166666666666667
2 0.22 0.32666666666666666 0.055 0.08833333333333333
1 0.2816666666666667 0.25666666666666665 0.05333333333333334 0.08
1 0.3466666666666667 0.23666666666666666 0.06 0.08333333333333333
1 0.425 0.2833333333333333 0.05 0.08
1 0.4716666666666667 0.35333333333333333 0.056666666666666664 0.10666666666666667
1 0.5466666666666666 0.365 0.06666666666666667 0.08333333333333333
2 0.4633333333333333 0.16833333333333333 0.035 0.07
1 0.37833333333333335 0.095 0.023333333333333334 0.04
1 0.465 0.08 0.025 0.045
1 0.6733333333333333 0.4533333333333333 0.09333333333333334 0.155
1 0.12833333333333333 0.20166666666666666 0.03666666666666667 0.08333333333333333
1 0.265 0.18 0.045 0.06666666666666667
1 0.575 0.055 0.015 0.03166666666666667
1 0.7966666666666666 0.8983333333333333 0.06666666666666667 0.18666666666666668
1 0.8383333333333334 0.5383333333333333 0.08666666666666667 0.17333333333333334
1 0.8233333333333334 0.285 0.06666666666666667 0.10166666666666667
1 0.8166666666666667 0.42333333333333334 0.03666666666666667 0.09333333333333334
1 0.7766666666666666 0.205 0.043333333333333335 0.10166666666666667
1 0.8683333333333333 0.17 0.03333333333333333 0.06666666666666667