1 0.19666666666666666 0.07833333333333334 0.01 0.021666666666666667
1 0.21666666666666667 0.08 0.013333333333333334 0.02666666666666667
1 0.255 0.07166666666666667 0.015 0.02666666666666667
1 0.3233333333333333 0.05333333333333334 0.025 0.06166666666666667
1 0.3016666666666667 0.14166666666666666 0.03333333333333333 0.035
1 0.14833333333333334 0.09333333333333334 0.02666666666666667 0.06166666666666667
1 0.45166666666666666 0.115 0.016666666666666666 0.06166666666666667
1 0.5033333333333333 0.13166666666666665 0.04 0.085
1 0.5933333333333334 0.195 0.015 0.02666666666666667
1 0.695 0.12166666666666667 0.04 0.075
1 0.875 0.145 0.035 0.09333333333333334