1 0.8466666666666667 0.16833333333333333 0.06333333333333334 0.09666666666666666
1 0.09 0.20666666666666667 0.05 0.06666666666666667
1 0.6433333333333333 0.195 0.04666666666666667 0.075
1 0.7083333333333334 0.2966666666666667 0.03333333333333333 0.051666666666666666
0 0.9366666666666666 0.29833333333333334 0.04666666666666667 0.07833333333333334
0 0.4766666666666667 0.19666666666666666 0.055 0.10166666666666667
0 0.11666666666666667 0.2783333333333333 0.056666666666666664 0.09333333333333334
2 0.023333333333333334 0.2 0.045 0.07166666666666667
2 0.195 0.29333333333333333 0.055 0.08666666666666667
2 0.23333333333333334 0.23166666666666666 0.03666666666666667 0.06
2 0.36333333333333334 0.24333333333333335 0.045 0.06
2 0.6016666666666667 0.215 0.043333333333333335 0.06333333333333334
2 0.7233333333333334 0.15333333333333332 0.04666666666666667 0.06666666666666667