1 0.08833333333333333 0.8266666666666667 0.06333333333333334 0.08666666666666667
1 0.21833333333333332 0.8266666666666667 0.056666666666666664 0.08666666666666667
1 0.33 0.855 0.055 0.08333333333333333
1 0.5033333333333333 0.9 0.06666666666666667 0.08666666666666667
1 0.7933333333333333 0.7666666666666667 0.06333333333333334 0.07333333333333333
1 0.9533333333333334 0.835 0.055 0.05
1 0.6633333333333333 0.6583333333333333 0.056666666666666664 0.07666666666666666
1 0.8483333333333334 0.5066666666666667 0.04666666666666667 0.06
1 0.9783333333333334 0.5683333333333334 0.03333333333333333 0.06333333333333334
1 0.7183333333333334 0.5033333333333333 0.03666666666666667 0.05333333333333334
1 0.5433333333333333 0.6783333333333333 0.055 0.07
1 0.4066666666666667 0.645 0.055 0.07
1 0.225 0.5883333333333334 0.03 0.07666666666666666
1 0.18666666666666668 0.5733333333333334 0.055 0.08
1 0.12 0.57 0.05 0.07333333333333333
1 0.013333333333333334 0.5433333333333333 0.025 0.07333333333333333
1 0.02 0.39166666666666666 0.04 0.043333333333333335
1 0.13 0.39 0.045 0.06
1 0.2633333333333333 0.42833333333333334 0.04 0.056666666666666664
1 0.3433333333333333 0.42 0.045 0.06
1 0.4683333333333333 0.48 0.05333333333333334 0.06
1 0.57 0.49333333333333335 0.05 0.06
1 0.9633333333333334 0.35333333333333333 0.043333333333333335 0.06
1 0.8133333333333334 0.31666666666666665 0.02666666666666667 0.06
1 0.7233333333333334 0.305 0.04 0.06333333333333334
1 0.65 0.30333333333333334 0.045 0.04666666666666667
1 0.5366666666666666 0.25 0.04 0.06
1 0.48333333333333334 0.25666666666666665 0.035 0.06
1 0.37333333333333335 0.21333333333333335 0.035 0.06
1 0.2916666666666667 0.23 0.03333333333333333 0.05333333333333334
1 0.17833333333333334 0.20333333333333334 0.03333333333333333 0.05333333333333334
1 0.085 0.20166666666666666 0.04 0.06333333333333334
1 0.018333333333333333 0.19166666666666668 0.03666666666666667 0.056666666666666664
1 0.016666666666666666 0.09666666666666666 0.03 0.04666666666666667
1 0.11666666666666667 0.10333333333333333 0.023333333333333334 0.04666666666666667
1 0.20666666666666667 0.14 0.03333333333333333 0.05333333333333334
1 0.3333333333333333 0.145 0.03 0.056666666666666664
1 0.48333333333333334 0.11833333333333333 0.02666666666666667 0.056666666666666664
1 0.5733333333333334 0.15 0.035 0.06
1 0.695 0.18 0.035 0.06
1 0.7866666666666666 0.15833333333333333 0.04 0.06333333333333334
1 0.9 0.19166666666666668 0.035 0.056666666666666664
1 0.985 0.21 0.025 0.06
1 0.815 0.06 0.03 0.04666666666666667
1 0.74 0.06833333333333333 0.035 0.05
1 0.6416666666666667 0.06166666666666667 0.03333333333333333 0.056666666666666664
1 0.5966666666666667 0.02 0.025 0.04
1 0.5133333333333333 0.056666666666666664 0.03333333333333333 0.04666666666666667
1 0.44666666666666666 0.06 0.03333333333333333 0.04
1 0.37833333333333335 0.04666666666666667 0.03333333333333333 0.04666666666666667
1 0.2916666666666667 0.03 0.03666666666666667 0.04666666666666667
1 0.175 0.051666666666666666 0.025 0.03666666666666667
1 0.11 0.023333333333333334 0.025 0.04666666666666667