2 0.1 0.255 0.065 0.10833333333333334
1 0.23333333333333334 0.21 0.043333333333333335 0.07
1 0.27166666666666667 0.21166666666666667 0.03333333333333333 0.05
1 0.34 0.19 0.035 0.06166666666666667
1 0.21166666666666667 0.4083333333333333 0.06666666666666667 0.105
1 0.31166666666666665 0.5266666666666666 0.09666666666666666 0.16333333333333333
1 0.39 0.205 0.025 0.04666666666666667
1 0.41333333333333333 0.24 0.03333333333333333 0.055
1 0.4816666666666667 0.2966666666666667 0.04666666666666667 0.105
1 0.5466666666666666 0.215 0.03333333333333333 0.07333333333333333
1 0.6716666666666666 0.43166666666666664 0.08666666666666667 0.135
1 0.8783333333333333 0.8616666666666667 0.16333333333333333 0.245
1 0.7683333333333333 0.2816666666666667 0.056666666666666664 0.08833333333333333