1 0.05333333333333334 0.021666666666666667 0.055 0.043333333333333335
1 0.3233333333333333 0.06 0.05333333333333334 0.07666666666666666
1 0.25666666666666665 0.17 0.05333333333333334 0.085
2 0.42333333333333334 0.06333333333333334 0.045 0.07
1 0.345 0.18666666666666668 0.065 0.11
1 0.06333333333333334 0.6966666666666667 0.12 0.30833333333333335
2 0.59 0.20666666666666667 0.035 0.07
2 0.5516666666666666 0.26166666666666666 0.056666666666666664 0.085
1 0.49333333333333335 0.41833333333333333 0.07333333333333333 0.11666666666666667
1 0.6866666666666666 0.13666666666666666 0.055 0.09833333333333333
1 0.8266666666666667 0.19666666666666666 0.045 0.085
1 0.7783333333333333 0.4766666666666667 0.07333333333333333 0.10333333333333333
1 0.9333333333333333 0.3516666666666667 0.056666666666666664 0.08