1 0.09666666666666666 0.235 0.05333333333333334 0.06166666666666667
1 0.26 0.20166666666666666 0.045 0.06666666666666667
1 0.155 0.2866666666666667 0.02 0.04
1 0.33666666666666667 0.24666666666666667 0.02666666666666667 0.04833333333333333
1 0.42333333333333334 0.235 0.03666666666666667 0.08
1 0.53 0.255 0.04 0.085
1 0.7116666666666667 0.26 0.02666666666666667 0.085
1 0.8616666666666667 0.24166666666666667 0.03666666666666667 0.075
1 0.5833333333333334 0.335 0.01 0.021666666666666667
1 0.9866666666666667 0.35833333333333334 0.01 0.021666666666666667
1 0.975 0.365 0.015 0.02666666666666667