1 0.04833333333333333 0.27166666666666667 0.04666666666666667 0.06833333333333333
1 0.185 0.24833333333333332 0.04 0.06166666666666667
1 0.265 0.255 0.035 0.065
1 0.4066666666666667 0.24 0.04 0.065
1 0.4533333333333333 0.23 0.03 0.05333333333333334
1 0.4866666666666667 0.22666666666666666 0.03 0.06166666666666667
1 0.5216666666666666 0.16833333333333333 0.03333333333333333 0.03833333333333333
1 0.5116666666666667 0.28 0.03666666666666667 0.06166666666666667
1 0.5766666666666667 0.35 0.056666666666666664 0.08833333333333333
2 0.6733333333333333 0.20833333333333334 0.045 0.07333333333333333
1 0.6933333333333334 0.37166666666666665 0.06 0.10666666666666667
1 0.8083333333333333 0.18333333333333332 0.03666666666666667 0.06166666666666667
1 0.8016666666666666 0.345 0.05333333333333334 0.06833333333333333
1 0.9166666666666666 0.45166666666666666 0.08 0.13833333333333334
2 0.865 0.4216666666666667 0.035 0.07666666666666666