1 0.18666666666666668 0.29333333333333333 0.05333333333333334 0.07666666666666666
1 0.40166666666666667 0.26666666666666666 0.06666666666666667 0.10166666666666667
1 0.5716666666666667 0.2633333333333333 0.056666666666666664 0.08833333333333333
2 0.75 0.2633333333333333 0.055 0.07333333333333333
2 0.9483333333333334 0.2866666666666667 0.05333333333333334 0.07
2 0.9633333333333334 0.08333333333333333 0.03333333333333333 0.043333333333333335
2 0.6333333333333333 0.03833333333333333 0.016666666666666666 0.04
2 0.5716666666666667 0.051666666666666666 0.013333333333333334 0.03
2 0.8166666666666667 0.12166666666666667 0.013333333333333334 0.025
2 0.7433333333333333 0.12 0.015 0.021666666666666667
2 0.705 0.11333333333333333 0.015 0.021666666666666667
1 0.43666666666666665 0.09833333333333333 0.016666666666666666 0.03
2 0.36666666666666664 0.11666666666666667 0.015 0.021666666666666667
2 0.21333333333333335 0.09666666666666666 0.015 0.025
2 0.15166666666666667 0.1 0.016666666666666666 0.03333333333333333
2 0.06666666666666667 0.09333333333333334 0.015 0.03333333333333333
2 0.013333333333333334 0.09 0.02 0.025