2 0.10666666666666667 0.08666666666666667 0.04 0.06666666666666667
2 0.17666666666666667 0.21333333333333335 0.04666666666666667 0.06666666666666667
2 0.16666666666666666 0.37333333333333335 0.05333333333333334 0.07833333333333334
1 0.135 0.5483333333333333 0.05 0.07166666666666667
2 0.4716666666666667 0.15 0.043333333333333335 0.06666666666666667
1 0.4266666666666667 0.30333333333333334 0.05 0.06666666666666667
1 0.4683333333333333 0.4 0.04666666666666667 0.06666666666666667
1 0.44333333333333336 0.575 0.05333333333333334 0.07833333333333334
1 0.74 0.06166666666666667 0.045 0.06333333333333334
1 0.82 0.16333333333333333 0.05 0.06333333333333334
2 0.8066666666666666 0.28833333333333333 0.043333333333333335 0.051666666666666666
2 0.7033333333333334 0.425 0.045 0.07166666666666667
1 0.7933333333333333 0.6233333333333333 0.05 0.041666666666666664