1 0.47833333333333333 0.275 0.07666666666666666 0.12333333333333334
1 0.085 0.45166666666666666 0.045 0.06333333333333334
1 0.15833333333333333 0.5066666666666667 0.03666666666666667 0.04833333333333333
1 0.305 0.52 0.03 0.051666666666666666
1 0.23166666666666666 0.535 0.023333333333333334 0.045
1 0.265 0.5666666666666667 0.025 0.041666666666666664
1 0.6366666666666667 0.535 0.02666666666666667 0.045
2 0.6233333333333333 0.66 0.02 0.03666666666666667
1 0.7716666666666666 0.4116666666666667 0.03666666666666667 0.075
1 0.8466666666666667 0.43666666666666665 0.035 0.07166666666666667
1 0.925 0.305 0.06 0.12333333333333334