1 0.008333333333333333 0.3516666666666667 0.016666666666666666 0.02666666666666667
1 0.115 0.375 0.02 0.03166666666666667
1 0.03333333333333333 0.45166666666666666 0.03666666666666667 0.06666666666666667
1 0.095 0.54 0.03 0.06666666666666667
1 0.20666666666666667 0.44 0.05333333333333334 0.09833333333333333
1 0.22833333333333333 0.36833333333333335 0.023333333333333334 0.05333333333333334
1 0.25666666666666665 0.34 0.02 0.04
1 0.3233333333333333 0.355 0.013333333333333334 0.02666666666666667
1 0.29833333333333334 0.39166666666666666 0.016666666666666666 0.035
1 0.32 0.4716666666666667 0.035 0.07166666666666667
1 0.35333333333333333 0.435 0.02 0.05333333333333334
1 0.3983333333333333 0.4483333333333333 0.056666666666666664 0.09833333333333333
1 0.4533333333333333 0.6266666666666667 0.065 0.13333333333333333
0 0.44333333333333336 0.38 0.013333333333333334 0.021666666666666667
1 0.595 0.4683333333333333 0.025 0.06666666666666667
1 0.6433333333333333 0.405 0.02 0.045
1 0.6866666666666666 0.49833333333333335 0.035 0.07166666666666667
1 0.8466666666666667 0.6466666666666666 0.16 0.30666666666666664
1 0.94 0.74 0.06 0.12833333333333333