1 0.08333333333333333 0.525 0.07333333333333333 0.12666666666666668
1 0.13166666666666665 0.9066666666666666 0.09666666666666666 0.18
1 0.25 0.635 0.065 0.12333333333333334
1 0.2866666666666667 0.405 0.043333333333333335 0.075
1 0.34833333333333333 0.35 0.03666666666666667 0.07833333333333334
1 0.5 0.4583333333333333 0.045 0.08666666666666667
1 0.555 0.3433333333333333 0.04 0.07833333333333334
1 0.6766666666666666 0.43333333333333335 0.03666666666666667 0.06333333333333334
1 0.77 0.485 0.035 0.07833333333333334
1 0.8666666666666667 0.585 0.04 0.11166666666666666
1 0.5983333333333334 0.30666666666666664 0.043333333333333335 0.08166666666666667