1 0.8433333333333334 0.44333333333333336 0.11 0.10833333333333334
1 0.6783333333333333 0.3433333333333333 0.07333333333333333 0.13166666666666665
1 0.6133333333333333 0.33166666666666667 0.07333333333333333 0.11666666666666667
1 0.5433333333333333 0.29 0.07 0.10833333333333334
1 0.43666666666666665 0.2966666666666667 0.06333333333333334 0.105
1 0.395 0.2783333333333333 0.035 0.10166666666666667
1 0.36 0.29 0.035 0.08666666666666667
1 0.305 0.20166666666666666 0.055 0.09
1 0.26 0.24666666666666667 0.055 0.08166666666666667
1 0.11833333333333333 0.2633333333333333 0.03333333333333333 0.056666666666666664
1 0.023333333333333334 0.23166666666666666 0.03666666666666667 0.06666666666666667