1 0.021666666666666667 0.48833333333333334 0.043333333333333335 0.07833333333333334
1 0.08666666666666667 0.45166666666666666 0.045 0.07166666666666667
1 0.19166666666666668 0.45166666666666666 0.04666666666666667 0.07166666666666667
1 0.2866666666666667 0.425 0.043333333333333335 0.06333333333333334
1 0.3466666666666667 0.445 0.045 0.08166666666666667
1 0.48333333333333334 0.465 0.045 0.075
1 0.5033333333333333 0.425 0.02666666666666667 0.08666666666666667
1 0.6133333333333333 0.43666666666666665 0.025 0.04833333333333333
1 0.6916666666666667 0.3283333333333333 0.05333333333333334 0.09333333333333334
1 0.87 0.3516666666666667 0.06 0.09
1 0.99 0.37833333333333335 0.015 0.075
1 0.9266666666666666 0.37333333333333335 0.04666666666666667 0.07833333333333334
2 0.6366666666666667 0.44333333333333336 0.035 0.07166666666666667
2 0.4033333333333333 0.49 0.043333333333333335 0.075
2 0.25833333333333336 0.4683333333333333 0.04666666666666667 0.08166666666666667