1 0.205 0.155 0.055 0.07833333333333334
1 0.2866666666666667 0.38166666666666665 0.045 0.06666666666666667
1 0.4633333333333333 0.205 0.04666666666666667 0.07
1 0.9116666666666666 0.195 0.043333333333333335 0.06666666666666667
1 0.6883333333333334 0.21666666666666667 0.03666666666666667 0.055
1 0.6066666666666667 0.19833333333333333 0.035 0.04666666666666667
1 0.5633333333333334 0.22833333333333333 0.02666666666666667 0.04666666666666667
1 0.07666666666666666 0.19 0.02666666666666667 0.03833333333333333
1 0.29 0.15 0.025 0.043333333333333335
1 0.33666666666666667 0.18 0.02 0.035
1 0.38666666666666666 0.18666666666666668 0.02 0.03166666666666667
1 0.9716666666666667 0.2 0.016666666666666666 0.02666666666666667