1 0.7133333333333334 0.37666666666666665 0.06666666666666667 0.10833333333333334
1 0.885 0.2733333333333333 0.055 0.105
1 0.6433333333333333 0.24333333333333335 0.06333333333333334 0.12
1 0.39166666666666666 0.4266666666666667 0.056666666666666664 0.08166666666666667
1 0.43166666666666664 0.3383333333333333 0.05333333333333334 0.08666666666666667
1 0.04 0.36833333333333335 0.08 0.22833333333333333
1 0.33 0.3516666666666667 0.045 0.06666666666666667
1 0.2683333333333333 0.32166666666666666 0.05333333333333334 0.06666666666666667
1 0.09333333333333334 0.31666666666666665 0.03666666666666667 0.056666666666666664
1 0.19666666666666666 0.31333333333333335 0.04 0.04833333333333333
1 0.15333333333333332 0.285 0.02 0.03666666666666667
1 0.5116666666666667 0.2816666666666667 0.02666666666666667 0.045