2 0.14833333333333334 0.84 0.11666666666666667 0.21333333333333335
2 0.06333333333333334 0.5866666666666667 0.10333333333333333 0.14166666666666666
1 0.043333333333333335 0.38666666666666666 0.08333333333333333 0.09833333333333333
1 0.14 0.36833333333333335 0.09 0.16833333333333333
1 0.20666666666666667 0.345 0.04 0.085
2 0.2733333333333333 0.4116666666666667 0.09333333333333334 0.17333333333333334
1 0.3433333333333333 0.6783333333333333 0.11333333333333333 0.19166666666666668
1 0.44333333333333336 0.6466666666666666 0.085 0.14666666666666667
1 0.5866666666666667 0.6383333333333333 0.13333333333333333 0.22666666666666666
1 0.49666666666666665 0.44166666666666665 0.043333333333333335 0.14666666666666667
2 0.3566666666666667 0.36 0.065 0.13333333333333333
0 0.4533333333333333 0.31166666666666665 0.07 0.125
2 0.5816666666666667 0.28 0.06333333333333334 0.115
2 0.21 0.18166666666666667 0.055 0.09833333333333333
1 0.17333333333333334 0.20166666666666666 0.035 0.085
1 0.12166666666666667 0.135 0.043333333333333335 0.075
1 0.028333333333333332 0.20666666666666667 0.056666666666666664 0.12
0 0.07333333333333333 0.19833333333333333 0.035 0.075
1 0.19333333333333333 0.041666666666666664 0.02666666666666667 0.04833333333333333
1 0.24333333333333335 0.11833333333333333 0.023333333333333334 0.04833333333333333
1 0.2633333333333333 0.18833333333333332 0.045 0.085
1 0.41 0.31833333333333336 0.04 0.10166666666666667
1 0.37833333333333335 0.21333333333333335 0.03666666666666667 0.06166666666666667
1 0.3333333333333333 0.16166666666666665 0.03666666666666667 0.058333333333333334
1 0.37666666666666665 0.15333333333333332 0.043333333333333335 0.058333333333333334
1 0.3333333333333333 0.05333333333333334 0.025 0.05333333333333334
1 0.2916666666666667 0.06 0.013333333333333334 0.04
1 0.3933333333333333 0.07833333333333334 0.023333333333333334 0.04833333333333333
1 0.41 0.11333333333333333 0.03 0.04833333333333333
2 0.47833333333333333 0.12166666666666667 0.03666666666666667 0.075
1 0.5116666666666667 0.20666666666666667 0.043333333333333335 0.09333333333333334
1 0.5033333333333333 0.2783333333333333 0.043333333333333335 0.085
1 0.5166666666666667 0.04833333333333333 0.013333333333333334 0.05333333333333334
1 0.5766666666666667 0.058333333333333334 0.02 0.045
1 0.6366666666666667 0.04 0.02666666666666667 0.05333333333333334
0 0.655 0.16666666666666666 0.045 0.075
2 0.625 0.2683333333333333 0.025 0.09333333333333334
1 0.6783333333333333 0.375 0.06333333333333334 0.10166666666666667
1 0.6866666666666666 0.17833333333333334 0.02666666666666667 0.07166666666666667
2 0.6966666666666667 0.058333333333333334 0.02 0.045
1 0.6816666666666666 0.5216666666666666 0.02666666666666667 0.075
1 0.7466666666666667 0.575 0.08 0.17333333333333334
1 0.8166666666666667 0.7733333333333333 0.12333333333333334 0.24833333333333332
1 0.8466666666666667 0.28 0.06 0.115
2 0.955 0.31833333333333336 0.025 0.10166666666666667
1 0.895 0.26 0.035 0.10166666666666667
1 0.7383333333333333 0.35833333333333334 0.05333333333333334 0.075
1 0.7966666666666666 0.21166666666666667 0.04666666666666667 0.085
1 0.78 0.11166666666666666 0.045 0.08833333333333333
0 0.8266666666666667 0.08666666666666667 0.03 0.085
1 0.9133333333333333 0.12666666666666668 0.02 0.058333333333333334