114 247
114 248
113 248
112 247
112 247
111 247
110 245
110 245
109 244
109 246
108 245
107 245
107 245
106 244
106 244
106 244
104 244
104 244
104 244
104 244
105 245
103 244
104 246
105 246
105 246
103 244
103 244
102 240
101 231
102 229
105 240
104 236
100 214
100 211
101 204
101 202
100 201
100 198
100 196
100 193
100 192
100 191
101 188
100 186
101 186
102 195
102 195
103 194
105 182
106 183
108 182
108 182
110 183
111 184
112 184
112 184
112 184
113 184
113 184
113 184
114 182
114 185
114 184
113 179
111 165
110 155
108 145
107 136
106 130
106 126
106 125
106 124
105 121
105 121
106 120
107 122
108 120
108 120
108 120
109 120
109 120
109 120
110 120
110 120
110 120
110 119
110 121
110 117
111 110
110 102
109 93
108 86
108 79
108 74
107 70
107 66
107 61
106 58
107 57
107 56
108 57
109 56
111 56
114 56
122 57
121 58
123 59
124 59
128 59
124 60
122 60
126 60
124 61
124 60
127 62
129 58
127 51
129 47
130 48
130 48
131 49
131 49
131 49
132 48
132 49
131 49
131 49
131 49
132 49
131 47
131 48
131 47
131 47
131 47
131 47
131 49
131 47
131 49
131 49
131 47
130 47
131 47
130 46
130 48
130 46
131 49
131 48
131 48
131 47
131 46
131 46
131 47
131 47
131 49
131 49
131 49
131 49
131 48
132 47
132 47
132 47
132 47
132 47
132 46
132 46
132 45
132 45
133 45
134 45
137 46
140 46
145 48
148 48
153 47
156 47
160 45
167 52
172 41
171 38
170 36
170 34
170 32
170 32
170 32
170 32
170 30
169 29
169 28
170 28
170 28
172 33
171 29
173 31
178 48
175 31
177 26
179 26
181 25
183 26
185 27
188 27
194 27
198 28
200 28
201 27
201 27
200 25
200 25
200 24
200 24
200 24
200 24
200 24
200 24
200 24
200 24
200 24
200 24
200 24
200 24
200 24
200 24
200 24
200 24
200 25
201 27
202 29
202 29
202 30
202 30
202 31
202 31
202 31
203 31
202 30
202 31
202 31
202 30
203 31
203 31
204 32
204 32
205 33
205 33
204 34
205 35
205 36
204 38
205 41
238 225
233 224
232 225
228 223
222 221
218 218
216 215
211 212
210 213
207 211
206 211
205 213
204 213
204 213
201 212
199 212
195 210
192 211
191 211
190 210
189 212
188 214
186 215
185 218
185 222
184 222
184 227
184 231
182 234
182 236
181 238
173 238
170 239
165 240
162 238
158 236
155 235
153 234
152 234
149 233
148 232
147 233
146 231
143 230
143 232
143 234
140 234
140 236
140 239
139 237
138 235
136 234
136 234
136 234
135 234
131 232
125 232
120 230
118 229
116 228
116 228
115 229
114 230
113 228
112 229
110 227
110 226
109 225
109 225
108 225
108 227
108 229
110 238
111 243
106 236
106 236
105 238
105 242
106 245
105 245
105 247
105 247
105 247
105 249
104 248
104 247
104 247
105 247
105 247
105 247
105 247
105 247
105 247
105 247
